$SPEC_ID:
No sample description was entered.
$SPEC_REM:
DET# 1
DETDESC# VP03 MCB 337
AP# Maestro Version 7.01
$DATE_MEA:
01/14/2019 11:06:53
$MEAS_TIM:
120 124
$DATA:
0 8191
       0
       0
       0
       0
       0
       0
       0
       0
       0
       0
       0
       0
       0
       0
       0
       0
       0
       0
       0
       0
       0
       0
       0
       0
       0
       0
       0
       0
       0
       0
       0
       0
       0
       0
       0
       0
       0
       0
       0
       0
       0
       0
       0
       0
       0
       0
       0
       0
       1
       0
       0
       1
       0
       0
       0
       0
       0
       0
       0
       0
       0
       0
       0
       0
       0
       0
       0
       1
       0
       0
       0
       0
       0
       0
       0
       0
       0
       0
       0
       0
       0
       1
       1
       1
       1
       5
       2
       6
      13
      20
      26
      36
      30
      58
      64
      60
      72
      67
      52
      58
      78
     105
      99
      93
     101
      84
     107
     104
     102
     114
     112
     123
      97
     111
     128
     109
     126
     129
     113
     116
     136
     139
     132
     134
     114
     152
     142
     137
     151
     149
     136
     143
     115
     134
     142
     129
     156
     146
     129
     126
     154
     127
     129
     128
     131
     164
     153
     169
     163
     148
     175
     167
     153
     148
     165
     156
     143
     138
     135
     155
     160
     132
     180
     169
     155
     170
     177
     193
     172
     164
     183
     182
     196
     171
     173
     194
     168
     159
     167
     190
     178
     199
     148
     182
     173
     187
     186
     170
     187
     183
     195
     192
     202
     182
     169
     189
     202
     235
     182
     176
     189
     205
     185
     182
     173
     193
     197
     188
     216
     196
     190
     199
     178
     181
     179
     191
     206
     174
     190
     201
     174
     200
     202
     188
     206
     189
     190
     174
     198
     214
     216
     194
     196
     199
     223
     220
     220
     212
     180
     200
     238
     193
     192
     194
     197
     190
     204
     220
     193
     231
     217
     203
     229
     208
     182
     198
     217
     190
     206
     210
     224
     205
     194
     209
     240
     197
     216
     222
     187
     216
     212
     188
     204
     195
     201
     222
     208
     206
     189
     194
     170
     197
     203
     181
     191
     196
     194
     200
     217
     203
     230
     216
     195
     189
     197
     207
     206
     211
     225
     208
     202
     202
     206
     195
     214
     213
     220
     201
     183
     210
     210
     192
     211
     192
     217
     207
     216
     211
     194
     201
     195
     183
     207
     213
     215
     225
     205
     197
     191
     220
     191
     218
     223
     198
     185
     200
     208
     216
     231
     220
     163
     201
     213
     192
     227
     211
     205
     217
     200
     207
     186
     200
     191
     192
     189
     178
     183
     192
     209
     179
     212
     176
     202
     205
     204
     200
     202
     211
     226
     208
     204
     209
     226
     162
     184
     181
     207
     208
     189
     182
     192
     207
     210
     185
     207
     226
     196
     187
     195
     192
     193
     229
     190
     203
     190
     193
     204
     209
     182
     212
     221
     191
     223
     183
     209
     196
     233
     187
     183
     201
     187
     221
     205
     189
     213
     190
     214
     212
     227
     194
     212
     193
     187
     186
     175
     189
     187
     216
     232
     229
     186
     187
     177
     204
     220
     200
     194
     190
     207
     184
     192
     200
     189
     175
     172
     193
     228
     195
     205
     218
     203
     188
     209
     222
     212
     233
     210
     210
     191
     185
     197
     196
     208
     196
     202
     202
     185
     192
     197
     182
     185
     181
     195
     180
     197
     178
     203
     186
     192
     191
     223
     181
     205
     191
     180
     202
     196
     156
     197
     178
     185
     193
     182
     180
     178
     180
     191
     170
     181
     186
     182
     183
     199
     181
     166
     171
     164
     168
     193
     163
     162
     184
     169
     189
     162
     184
     200
     189
     174
     174
     178
     183
     216
     199
     175
     187
     203
     201
     201
     195
     183
     206
     182
     172
     192
     167
     165
     176
     188
     181
     200
     202
     185
     172
     180
     178
     172
     164
     196
     185
     179
     189
     175
     184
     157
     175
     168
     162
     178
     190
     174
     184
     186
     160
     167
     155
     185
     179
     173
     164
     159
     179
     189
     158
     171
     183
     170
     167
     183
     167
     178
     182
     167
     152
     167
     179
     164
     181
     172
     203
     193
     187
     197
     188
     199
     159
     175
     182
     173
     171
     198
     179
     178
     187
     145
     190
     172
     190
     168
     174
     180
     164
     171
     180
     150
     159
     189
     162
     167
     174
     154
     180
     163
     178
     185
     168
     168
     189
     173
     163
     173
     176
     176
     184
     160
     186
     167
     169
     173
     201
     148
     183
     171
     165
     167
     188
     173
     164
     189
     164
     181
     174
     175
     173
     178
     191
     175
     150
     188
     205
     180
     198
     188
     189
     181
     171
     176
     188
     187
     184
     177
     177
     205
     193
     153
     182
     168
     161
     190
     168
     189
     181
     167
     171
     181
     171
     178
     174
     163
     186
     194
     192
     171
     196
     161
     178
     187
     205
     174
     165
     191
     199
     189
     176
     178
     163
     163
     173
     181
     160
     192
     185
     188
     190
     199
     160
     156
     169
     173
     156
     173
     191
     174
     197
     195
     159
     164
     168
     181
     181
     180
     158
     150
     183
     172
     164
     198
     166
     182
     175
     168
     192
     183
     175
     179
     190
     158
     186
     166
     187
     163
     175
     158
     160
     199
     182
     161
     177
     181
     191
     155
     158
     144
     176
     192
     165
     163
     176
     155
     172
     161
     167
     159
     178
     199
     174
     155
     190
     174
     179
     190
     166
     164
     171
     183
     151
     164
     196
     169
     168
     178
     167
     188
     187
     162
     162
     160
     171
     159
     126
     159
     154
     165
     170
     181
     164
     160
     173
     184
     200
     148
     153
     167
     174
     155
     179
     183
     134
     144
     146
     158
     155
     155
     176
     152
     173
     168
     165
     172
     148
     140
     155
     147
     160
     165
     152
     162
     160
     152
     153
     158
     164
     162
     180
     159
     147
     144
     150
     141
     125
     138
     131
     141
     144
     158
     140
     151
     136
     164
     151
     163
     165
     135
     141
     141
     138
     153
     138
     149
     143
     129
     117
     160
     148
     134
     150
     143
     158
     149
     146
     157
     161
     139
     156
     143
     149
     115
     161
     126
     138
     123
     127
     137
     166
     140
     138
     113
     154
     151
     119
     132
     128
     136
     152
     130
     118
     138
     149
     117
     124
     135
     141
     137
     138
     132
     123
     141
     122
     154
     136
     118
     135
     128
     139
     115
     160
     150
     120
     126
     130
     113
     146
     141
     138
     115
     136
     114
     130
     154
     139
     134
     136
     117
     123
     109
      99
     120
     159
     140
     137
     130
     101
     117
     131
     125
     138
     133
     136
     122
     105
     123
     128
     129
     115
     112
     126
     142
     103
     102
     115
     133
     126
     105
      98
     125
     107
     120
     112
     126
      95
     128
     134
     106
     120
     115
     130
     111
     110
     108
     139
     126
     101
     136
     102
     113
     101
     113
     116
      99
      92
     127
     121
     124
     127
     108
     130
     132
     115
     113
     120
     148
     117
     134
     118
     117
     103
     131
     118
     115
     110
     118
     109
     117
     113
     110
     139
     119
     105
     113
     106
     124
     110
     105
     112
     105
      99
     111
     108
     124
     100
      94
      89
     113
     119
     135
     114
     109
     110
     122
      78
     103
      89
     115
     117
      97
     104
     122
     106
      94
     106
     104
     121
     119
     103
      98
     118
     114
     109
     115
     100
     101
      98
     113
     102
     119
     117
      91
     121
     105
      93
     102
      95
     103
      98
      99
      90
     106
     102
     134
      88
     120
     105
     103
     123
     114
     102
     105
      96
     108
     107
      96
      82
      95
      97
     105
      98
      93
      93
     121
     102
     115
      96
     110
     117
     107
      95
      95
     101
      98
      98
      98
     101
      86
      97
     112
      87
     104
      99
     110
     102
      88
      96
      94
      93
     108
      92
     106
      97
     104
     106
      92
     102
      86
      86
      91
      91
     105
      94
     103
      88
      97
      82
     100
      97
     103
      94
      95
     107
     100
     109
      99
      92
      95
      78
      91
      97
      71
      95
      75
     109
     105
      83
      85
     107
      98
     114
     102
      94
     107
      92
      98
      75
      89
      95
     105
      81
      89
     105
     103
     101
      89
      86
      87
      96
      82
      91
      71
      83
      87
      83
      83
      71
     105
      90
      94
      75
     108
      93
      91
     102
      98
      83
      90
      77
      77
      92
     106
     102
      88
      78
      97
      80
      96
      78
     101
      85
      77
      92
      80
      71
      82
      81
      86
      88
     101
      84
      95
      68
      86
     102
     112
      79
      85
      92
      70
      70
      65
      82
      90
      83
      78
      87
      87
      84
      79
      84
      78
      85
      97
      79
     101
      86
      81
      84
      92
      76
      93
      76
      90
      70
      78
      97
      87
      81
      83
      62
      82
      77
      99
      78
      65
      81
      71
      74
      77
      82
      84
      87
      74
      68
      81
      69
      71
      87
      92
      79
     102
      86
      87
      74
      87
      90
      86
      74
      81
      68
      87
      87
      77
      81
      76
      69
      81
      69
      68
      72
      85
      84
      88
      74
      85
      97
      57
      67
      79
      74
      82
      79
      78
      77
      75
      63
      95
      89
      72
      75
      84
      81
      80
      77
      94
      74
      84
      65
      89
      63
      77
      67
      76
      74
      76
      91
      83
      76
      63
      80
      71
      74
      69
      67
      74
      76
      67
      80
      86
      68
      76
      66
      79
      86
      68
      81
      91
      60
      84
      71
      69
      81
      87
      68
      61
      70
      82
      61
      73
      69
      74
      73
      83
      86
      66
      78
      56
      68
      61
      59
      70
      56
      64
      75
      75
      76
      60
      66
      80
      71
      74
      69
      74
      79
      75
      67
      72
      72
      90
      69
      74
      72
      77
      69
      75
      82
      73
      65
      71
      85
      66
      68
      73
      64
      73
      90
      60
      75
      62
      81
      73
      77
      54
      75
      73
      78
      76
      57
      73
      60
      86
      66
      66
      75
      63
      72
      58
      54
      72
      60
      61
      55
      65
      75
      72
      68
      71
      68
      62
      59
      74
      60
      66
      73
      74
      76
      64
      64
      60
      88
      46
      71
      68
      67
      78
      73
      73
      64
      61
      59
      61
      74
      74
      77
      68
      72
      81
      59
      81
      58
      54
      56
      69
      70
      71
      68
      60
      61
      77
      65
      69
      72
      76
      73
      56
      68
      73
      52
      74
      64
      52
      66
      70
      71
      67
      74
      76
      64
      69
      75
      64
      77
      73
      56
      63
      70
      63
      82
      55
      75
      67
      63
      73
      69
      61
      77
      65
      80
      72
      78
      52
      79
      63
      73
      53
      73
      55
      60
      68
      55
      75
      58
      51
      58
      64
      64
      58
      61
      81
      70
      65
      75
      60
      76
      54
      69
      56
      64
      68
      59
      78
      61
      60
      65
      65
      73
      41
      72
      60
      61
      62
      89
      89
      61
      65
      58
      85
      74
      53
      62
      57
      52
      65
      81
      57
      81
      64
      68
      68
      65
      67
      79
      55
      69
      66
      55
      72
      63
      62
      73
      48
      56
      44
      77
      60
      67
      64
      75
      66
      81
      53
      81
      62
      88
      67
      73
      75
      71
      72
      70
      86
      70
      62
      76
      79
      68
      60
      66
      74
      67
      71
      62
      63
      66
      62
      72
      56
      61
      60
      63
      64
      65
      60
      63
      72
      61
      67
      61
      53
      78
      46
      78
      51
      63
      57
      65
      63
      53
      70
      65
      63
      62
      60
      80
      58
      58
      79
      73
      51
      67
      61
      55
      49
      76
      59
      66
      66
      52
      58
      49
      54
      68
      61
      57
      68
      61
      70
      57
      59
      51
      79
      68
      59
      61
      79
      58
      55
      58
      49
      62
      60
      60
      70
      68
      61
      68
      66
      74
      62
      66
      66
      56
      59
      55
      63
      63
      68
      65
      50
      88
      72
      78
      51
      57
      57
      65
      69
      63
      56
      66
      49
      68
      50
      47
      63
      65
      67
      63
      56
      64
      62
      59
      66
      66
      52
      60
      70
      65
      53
      60
      64
      56
      51
      66
      59
      61
      61
      50
      53
      75
      60
      68
      51
      74
      52
      80
      59
      52
      58
      52
      42
      71
      64
      78
      61
      56
      71
      53
      66
      50
      53
      69
      71
      67
      72
      70
      68
      55
      60
      53
      64
      66
      79
      62
      54
      67
      51
      64
      58
      63
      67
      64
      73
      71
      59
      58
      59
      64
      50
      61
      71
      66
      59
      39
      50
      66
      66
      55
      71
      55
      62
      62
      57
      68
      60
      65
      72
      54
      55
      62
      62
      54
      58
      63
      58
      60
      53
      35
      60
      62
      60
      63
      55
      61
      63
      52
      49
      59
      53
      61
      65
      55
      69
      67
      52
      58
      52
      49
      50
      62
      54
      54
      65
      55
      78
      56
      62
      66
      57
      60
      63
      65
      58
      58
      75
      62
      66
      73
      53
      60
      60
      54
      64
      55
      67
      58
      66
      59
      50
      65
      56
      55
      55
      59
      62
      63
      61
      71
      55
      72
      53
      57
      72
      58
      61
      57
      66
      50
      60
      72
      68
      59
      50
      64
      69
      61
      79
      50
      54
      50
      61
      63
      44
      69
      71
      50
      71
      53
      61
      63
      58
      76
      69
      55
      59
      51
      66
      62
      63
      54
      66
      50
      51
      52
      50
      55
      50
      60
      61
      62
      51
      64
      63
      68
      71
      57
      51
      62
      43
      71
      57
      53
      56
      53
      63
      67
      52
      62
      64
      59
      52
      59
      56
      73
      58
      67
      50
      53
      63
      61
      65
      65
      52
      61
      50
      64
      58
      63
      55
      67
      61
      46
      68
      59
      52
      50
      56
      54
      58
      46
      60
      56
      62
      63
      59
      62
      60
      52
      49
      61
      52
      64
      65
      64
      59
      76
      39
      55
      63
      58
      53
      41
      64
      62
      72
      56
      68
      69
      57
      53
      55
      62
      50
      58
      65
      55
      53
      69
      54
      58
      54
      66
      61
      51
      54
      72
      72
      47
      48
      75
      61
      60
      64
      64
      63
      63
      43
      61
      63
      55
      53
      68
      64
      57
      44
      66
      63
      49
      68
      43
      61
      69
      57
      68
      69
      55
      59
      77
      68
      51
      59
      49
      71
      78
      74
      59
      47
      58
      69
      63
      63
      62
      57
      59
      65
      55
      57
      66
      65
      55
      49
      63
      61
      62
      52
      67
      57
      46
      64
      51
      68
      75
      57
      62
      57
      55
      64
      54
      71
      57
      51
      59
      57
      50
      54
      52
      48
      59
      55
      49
      44
      79
      61
      59
      47
      62
      50
      65
      52
      48
      55
      42
      60
      55
      70
      55
      64
      58
      70
      51
      62
      53
      66
      57
      56
      61
      69
      68
      46
      60
      53
      72
      68
      56
      61
      57
      55
      49
      41
      69
      67
      51
      67
      55
      49
      49
      52
      58
      54
      47
      47
      55
      56
      58
      62
      56
      61
      52
      59
      66
      62
      63
      63
      45
      59
      65
      61
      58
      56
      62
      45
      60
      48
      54
      64
      57
      56
      50
      62
      61
      64
      61
      56
      56
      76
      55
      59
      62
      73
      50
      50
      56
      50
      68
      50
      55
      58
      52
      56
      39
      54
      59
      62
      62
      57
      54
      58
      54
      59
      47
      45
      59
      68
      59
      65
      59
      66
      46
      59
      57
      55
      44
      73
      50
      50
      54
      57
      62
      50
      59
      61
      53
      57
      51
      71
      58
      59
      45
      47
      56
      49
      61
      49
      45
      41
      55
      40
      57
      68
      54
      43
      58
      68
      39
      67
      60
      50
      58
      55
      61
      43
      53
      58
      61
      53
      55
      53
      54
      64
      56
      69
      63
      61
      54
      44
      51
      58
      64
      47
      49
      58
      50
      49
      68
      48
      65
      38
      47
      49
      47
      46
      59
      66
      48
      54
      40
      70
      51
      56
      55
      50
      53
      47
      68
      60
      54
      61
      63
      66
      54
      54
      58
      56
      59
      57
      53
      40
      56
      76
      63
      51
      40
      62
      50
      55
      60
      57
      46
      51
      71
      62
      50
      46
      62
      49
      46
      62
      49
      61
      59
      51
      62
      50
      52
      52
      49
      47
      50
      71
      67
      49
      56
      47
      56
      56
      57
      47
      42
      60
      52
      53
      49
      43
      52
      54
      68
      58
      45
      54
      46
      43
      44
      46
      65
      62
      56
      53
      47
      51
      43
      63
      60
      50
      58
      66
      65
      48
      49
      55
      59
      47
      67
      43
      46
      46
      48
      50
      52
      46
      51
      63
      49
      60
      52
      52
      73
      66
      50
      45
      61
      58
      53
      51
      43
      53
      30
      54
      45
      60
      56
      41
      51
      49
      61
      49
      48
      62
      60
      43
      54
      55
      46
      47
      54
      43
      54
      47
      56
      35
      44
      57
      43
      50
      40
      63
      43
      42
      50
      54
      51
      57
      40
      44
      59
      57
      58
      48
      54
      59
      46
      52
      44
      60
      58
      44
      77
      51
      51
      49
      50
      63
      45
      51
      60
      60
      46
      62
      60
      47
      46
      53
      49
      60
      50
      61
      58
      58
      46
      44
      46
      42
      49
      62
      54
      50
      64
      49
      54
      42
      55
      46
      52
      51
      67
      50
      54
      51
      51
      61
      47
      49
      48
      43
      52
      58
      51
      65
      59
      48
      49
      50
      46
      52
      55
      64
      60
      52
      59
      57
      48
      49
      52
      75
      52
      59
      66
      43
      71
      54
      52
      62
      46
      52
      48
      45
      76
      60
      54
      60
      48
      47
      52
      39
      43
      41
      55
      59
      60
      50
      56
      53
      55
      52
      48
      66
      48
      51
      54
      63
      60
      44
      60
      49
      56
      55
      43
      69
      50
      36
      47
      51
      48
      52
      65
      50
      57
      54
      52
      52
      44
      58
      56
      48
      46
      51
      50
      48
      52
      61
      61
      63
      50
      45
      51
      42
      51
      50
      49
      62
      51
      49
      46
      46
      50
      50
      57
      60
      59
      60
      51
      50
      66
      48
      57
      59
      69
      57
      52
      56
      54
      53
      60
      53
      43
      47
      54
      60
      64
      46
      39
      52
      63
      52
      51
      39
      50
      55
      49
      50
      63
      49
      51
      48
      49
      44
      47
      42
      53
      61
      59
      52
      39
      45
      56
      51
      62
      62
      54
      46
      55
      59
      68
      44
      53
      60
      53
      56
      58
      60
      55
      53
      50
      52
      69
      52
      66
      58
      37
      55
      51
      43
      52
      47
      57
      45
      53
      60
      66
      56
      61
      44
      65
      46
      42
      61
      65
      50
      61
      45
      49
      42
      42
      72
      53
      47
      58
      63
      55
      58
      54
      42
      48
      66
      38
      59
      61
      51
      63
      54
      56
      67
      50
      51
      41
      42
      58
      50
      47
      52
      58
      67
      75
      60
      66
      47
      47
      54
      52
      55
      51
      54
      52
      60
      58
      38
      52
      67
      65
      63
      54
      47
      53
      56
      39
      49
      55
      49
      67
      56
      58
      55
      53
      44
      60
      57
      59
      57
      62
      59
      50
      57
      61
      45
      51
      48
      49
      50
      55
      45
      60
      57
      54
      63
      54
      54
      54
      49
      48
      57
      57
      53
      47
      70
      52
      48
      59
      37
      46
      51
      47
      39
      58
      52
      46
      51
      60
      52
      56
      52
      54
      54
      58
      45
      50
      47
      55
      53
      47
      50
      52
      53
      57
      56
      60
      55
      54
      57
      45
      55
      48
      61
      58
      47
      51
      70
      63
      62
      50
      55
      61
      52
      61
      46
      42
      58
      42
      66
      72
      52
      43
      71
      54
      71
      59
      62
      54
      56
      57
      65
      59
      50
      65
      53
      46
      47
      49
      55
      46
      57
      47
      44
      52
      58
      54
      44
      43
      47
      59
      66
      53
      57
      58
      52
      49
      50
      51
      53
      46
      57
      52
      46
      59
      58
      49
      58
      67
      60
      51
      48
      56
      63
      50
      59
      61
      47
      49
      56
      52
      46
      45
      59
      57
      60
      44
      61
      41
      55
      48
      55
      44
      47
      71
      68
      63
      60
      58
      72
      56
      55
      64
      60
      49
      49
      57
      49
      53
      56
      52
      61
      56
      62
      47
      59
      60
      65
      57
      65
      50
      66
      57
      50
      65
      64
      57
      50
      53
      53
      62
      62
      48
      60
      52
      45
      63
      47
      49
      46
      65
      73
      58
      64
      65
      65
      55
      44
      78
      53
      52
      52
      52
      47
      59
      47
      62
      61
      51
      70
      56
      60
      44
      53
      62
      58
      51
      63
      71
      63
      51
      55
      52
      49
      60
      51
      67
      46
      45
      55
      51
      40
      72
      52
      72
      67
      60
      63
      64
      56
      49
      49
      58
      55
      52
      58
      48
      59
      53
      70
      59
      59
      52
      59
      38
      52
      53
      69
      49
      67
      50
      59
      52
      55
      59
      48
      55
      50
      66
      48
      49
      46
      60
      47
      65
      60
      74
      51
      71
      50
      57
      62
      73
      61
      49
      66
      53
      40
      48
      65
      40
      47
      52
      46
      48
      61
      56
      54
      53
      49
      54
      49
      62
      68
      50
      63
      55
      59
      61
      54
      57
      63
      68
      52
      64
      63
      59
      56
      54
      54
      37
      61
      59
      47
      63
      56
      52
      66
      51
      67
      42
      66
      50
      61
      61
      51
      49
      62
      65
      54
      67
      49
      65
      59
      61
      53
      63
      49
      47
      55
      55
      48
      56
      66
      58
      57
      54
      52
      42
      70
      66
      65
      44
      65
      58
      55
      71
      65
      60
      49
      55
      57
      44
      69
      43
      69
      51
      55
      60
      55
      58
      56
      54
      57
      71
      54
      60
      60
      75
      59
      61
      65
      70
      63
      57
      57
      53
      54
      59
      50
      60
      55
      40
      47
      52
      56
      54
      61
      55
      52
      47
      66
      62
      46
      54
      71
      51
      49
      58
      56
      44
      61
      68
      64
      62
      60
      46
      59
      45
      53
      62
      46
      54
      50
      48
      76
      59
      56
      54
      69
      60
      65
      59
      53
      67
      48
      74
      49
      51
      54
      51
      51
      53
      45
      56
      58
      50
      61
      52
      55
      50
      49
      50
      55
      64
      62
      59
      65
      62
      44
      58
      44
      62
      49
      70
      59
      53
      75
      52
      50
      42
      58
      45
      52
      53
      51
      62
      58
      57
      61
      50
      63
      43
      57
      61
      48
      69
      42
      60
      62
      51
      59
      70
      55
      40
      45
      69
      47
      47
      51
      58
      52
      52
      43
      52
      39
      52
      39
      49
      56
      51
      54
      43
      70
      51
      44
      66
      57
      60
      62
      47
      44
      43
      49
      54
      51
      51
      53
      62
      71
      44
      52
      58
      57
      50
      51
      48
      50
      48
      56
      70
      61
      67
      59
      48
      42
      53
      57
      44
      39
      67
      51
      46
      51
      39
      63
      50
      64
      49
      53
      44
      42
      57
      46
      46
      55
      61
      44
      43
      57
      52
      62
      48
      50
      47
      45
      50
      46
      53
      27
      47
      39
      40
      48
      53
      68
      51
      46
      54
      51
      34
      51
      45
      44
      51
      53
      39
      43
      50
      57
      52
      37
      38
      37
      41
      53
      36
      55
      46
      50
      45
      41
      54
      53
      48
      56
      46
      53
      44
      51
      46
      42
      66
      59
      37
      45
      51
      43
      45
      48
      48
      46
      33
      44
      36
      45
      47
      59
      45
      36
      46
      51
      54
      48
      47
      36
      44
      39
      45
      47
      52
      43
      49
      47
      47
      44
      34
      33
      53
      39
      49
      53
      50
      40
      37
      57
      49
      42
      40
      50
      39
      49
      52
      35
      51
      41
      54
      33
      47
      48
      38
      47
      43
      37
      45
      58
      40
      32
      44
      33
      57
      39
      47
      47
      45
      39
      39
      58
      35
      46
      41
      42
      51
      49
      54
      38
      50
      37
      38
      42
      43
      49
      57
      47
      58
      36
      61
      44
      44
      51
      48
      48
      46
      45
      35
      40
      48
      39
      34
      45
      49
      38
      49
      34
      36
      52
      35
      52
      46
      48
      46
      40
      41
      47
      42
      42
      38
      45
      43
      43
      47
      46
      50
      45
      43
      45
      44
      51
      46
      48
      43
      48
      39
      44
      40
      42
      45
      31
      43
      42
      52
      43
      53
      44
      41
      48
      46
      37
      33
      48
      35
      31
      46
      40
      45
      47
      39
      40
      35
      36
      43
      41
      56
      37
      45
      39
      37
      41
      51
      40
      37
      51
      42
      45
      47
      35
      43
      37
      45
      39
      38
      48
      49
      40
      39
      40
      37
      43
      42
      55
      44
      40
      39
      41
      51
      44
      42
      52
      46
      49
      35
      51
      43
      44
      39
      32
      42
      38
      48
      41
      43
      35
      50
      36
      49
      40
      58
      51
      39
      40
      54
      49
      53
      35
      38
      46
      54
      51
      39
      39
      46
      45
      32
      41
      51
      44
      41
      43
      41
      41
      43
      46
      51
      40
      36
      48
      53
      43
      40
      45
      47
      46
      53
      43
      41
      58
      54
      34
      52
      40
      42
      54
      52
      42
      38
      42
      41
      40
      50
      49
      42
      45
      36
      66
      48
      41
      53
      40
      49
      45
      51
      38
      55
      52
      37
      38
      51
      55
      48
      48
      51
      61
      53
      50
      55
      51
      43
      55
      39
      41
      43
      63
      44
      38
      53
      52
      50
      54
      52
      51
      37
      50
      51
      57
      60
      48
      43
      45
      60
      48
      60
      53
      50
      34
      50
      64
      54
      42
      41
      42
      51
      39
      48
      55
      61
      60
      66
      52
      56
      53
      52
      53
      56
      57
      43
      56
      62
      54
      38
      62
      41
      44
      47
      57
      57
      65
      58
      64
      54
      58
      58
      50
      46
      47
      46
      77
      93
      52
      65
      50
      54
      61
      75
      60
      64
      56
      69
      81
      56
      78
      63
      52
      59
      61
      59
      69
      57
      80
      65
      63
      72
      78
      64
      66
      75
      62
      60
      64
      71
      75
      69
      69
      63
      79
      76
      88
      55
      75
      66
      83
      76
      56
      73
      84
      60
      67
      80
      75
      74
      56
      61
      59
      89
      77
      62
      67
      83
      84
      71
      84
      77
      83
      69
      71
      80
      65
      75
      84
      77
      75
      69
      80
      83
      77
      76
      60
      85
      89
     100
      98
      81
      65
      91
      84
      82
      87
      79
      87
      78
      94
      91
      90
     117
      92
      88
      99
     100
      86
      98
      90
      94
     104
      90
      88
      88
      86
      88
      75
      90
     104
      88
      89
      77
      97
     109
      72
     111
      97
      83
     101
      91
      96
      96
      95
      82
     101
      89
     109
      90
     107
     100
      89
     101
     114
     106
     108
     102
     112
      95
     110
     101
     110
     101
     106
     109
     104
     122
     112
      84
     113
      97
     110
     116
     109
     124
     104
      93
     112
     124
     110
     114
     101
     129
     116
     110
     103
     116
     111
     124
     109
     125
      92
     118
      98
     113
     129
     131
     120
     136
     116
     129
     122
     125
     124
     130
     104
     132
     120
     124
     135
     133
     114
     139
     120
     118
     154
     135
     121
     131
     116
     139
     134
     122
     135
     125
     131
     118
     118
     165
     129
     122
     130
     124
     133
     118
     122
     135
     132
     124
     134
     130
     149
     134
     130
     162
     153
     166
     125
     151
     140
     119
     132
     125
     124
     166
     133
     142
     142
     141
     149
     151
     139
     138
     131
     135
     170
     145
     146
     149
     133
     155
     137
     170
     162
     148
     163
     144
     130
     133
     167
     161
     150
     155
     172
     155
     148
     142
     155
     119
     160
     168
     142
     152
     179
     141
     147
     146
     153
     150
     172
     137
     157
     151
     153
     152
     132
     149
     142
     171
     158
     147
     147
     173
     158
     153
     152
     137
     147
     159
     139
     161
     158
     160
     160
     133
     156
     169
     163
     168
     166
     156
     173
     162
     172
     144
     150
     175
     148
     179
     152
     157
     156
     160
     165
     180
     149
     158
     168
     172
     180
     184
     162
     162
     155
     153
     147
     152
     156
     162
     169
     168
     153
     163
     160
     156
     130
     155
     172
     140
     164
     177
     179
     155
     153
     161
     167
     154
     183
     166
     149
     154
     137
     139
     162
     159
     162
     169
     155
     162
     158
     178
     172
     156
     154
     153
     150
     142
     152
     161
     144
     150
     172
     168
     167
     153
     147
     166
     174
     153
     185
     168
     148
     157
     146
     137
     163
     171
     161
     144
     134
     156
     140
     138
     157
     137
     166
     137
     152
     162
     152
     149
     158
     147
     169
     188
     167
     157
     151
     162
     150
     160
     145
     163
     146
     154
     156
     153
     136
     171
     141
     141
     151
     130
     133
     160
     129
     138
     158
     141
     131
     125
     157
     127
     133
     153
     141
     151
     139
     153
     142
     131
     161
     133
     151
     128
     160
     138
     112
     122
     162
     132
     148
     129
     143
     131
     132
     128
     136
     135
     128
     126
     146
     129
     162
     128
     130
     142
     130
     117
     128
     137
     118
     145
     145
     123
     127
     122
     145
     138
     124
     135
     112
     121
     112
     127
      97
     131
     136
     129
     122
     137
     113
     121
     125
     126
     118
     120
     125
     134
     132
     124
     122
     121
     121
     140
     115
     133
     117
     115
     119
     118
     141
     135
     116
     109
     107
     125
     124
     115
     121
      88
     127
     121
     106
     119
     102
     128
     124
      98
     124
     118
     103
     113
     124
     109
     119
     119
      98
     121
     112
     134
     112
     113
     120
     124
      97
     102
     113
     105
      91
     114
     115
     104
     121
     116
     121
     130
     108
     106
     108
      87
     117
     102
     101
     104
     122
     118
     117
     118
     119
      89
      94
     103
      87
     101
     100
     113
     107
     108
      90
     103
     122
     103
     110
      95
     107
     125
     111
     111
     107
     101
     108
      96
     101
      98
     103
     100
      99
      98
     112
     115
      94
     101
     108
     101
     111
      87
      99
      85
     107
     108
     108
     100
     103
      91
     101
     101
     115
      99
     108
     110
     114
     117
     101
     102
     100
     102
     101
      90
     117
     108
     111
      88
     107
     107
     114
      85
      90
      87
      86
     101
      84
     105
     107
      91
      91
      81
     112
     107
      87
     115
      95
      90
     102
      91
     110
      94
      98
     107
      99
      88
      91
     118
      88
      97
      96
      98
     111
     107
     101
     107
     113
      97
     102
     109
     124
      96
     100
     107
     108
     103
      94
     120
     111
      99
     104
     105
     103
      94
      98
     109
     106
     119
     108
     115
     109
      98
     114
     104
     101
     108
     101
     106
     102
     113
     100
     109
     106
     130
     112
     106
     105
      92
     118
     103
     108
     110
     100
     121
     105
     118
      93
     115
     114
     111
      98
     114
      99
     106
     117
     103
     100
     112
     117
      96
     115
     108
     113
     123
      93
     109
     121
     107
     109
     121
     112
     107
     116
     105
     124
     114
     113
     105
     112
     123
     101
     133
     113
     126
      97
      98
     121
     121
     114
     117
     128
     107
     113
     105
     109
     119
     108
     105
     126
     120
     114
     120
     119
     114
     113
     119
     113
     136
     142
     105
     121
     106
     128
     124
     133
     132
     106
     112
     113
     108
     129
     127
     119
     126
     112
     103
     129
     112
     115
     102
     126
     150
     120
     120
     128
     114
     136
     113
     124
     137
     139
     119
     139
     117
     144
     136
     114
     130
     121
     131
     148
     121
     115
     145
     138
     139
     120
     130
     130
     127
     125
     139
     129
     125
     128
     121
     124
     119
     146
     127
     110
     121
     118
     115
     125
     123
     120
     140
     106
     131
     126
     124
     132
     133
     119
     111
     120
     129
     117
     128
     139
     138
     112
     129
     122
     133
     138
     116
     145
     138
     140
     136
     130
     121
     134
     142
     130
     145
     136
     144
     145
     146
     126
     132
     117
     142
     126
     154
     141
     129
     145
     139
     127
     164
     111
     134
     136
     142
     140
     139
     147
      99
     134
     134
     147
     135
     123
     128
     120
     146
     120
     138
     137
     106
     142
     129
     123
     119
     127
     119
     131
     115
     118
     110
     131
     127
     134
     132
     122
     130
     121
     135
     113
     112
     135
     132
     122
     139
     153
     130
     122
     132
     147
     126
     128
     119
     125
     127
     146
     123
     141
     132
     129
     112
     128
     122
     103
     127
     132
     113
     124
     124
     122
     126
     128
     100
     133
     123
     139
     117
     115
     127
     114
     118
     110
     102
     115
     113
     132
     116
     114
     125
     116
     106
     101
     130
     127
     127
     123
     125
     129
     115
     109
     109
     122
     129
     121
     110
     110
     106
     119
     106
     107
     119
     108
     115
     111
     114
      94
     119
     116
     102
     116
     104
     109
     102
     126
     123
      94
     109
     104
      99
     108
     118
     113
     109
      96
      92
     118
     108
     108
     112
     106
      96
     119
      99
     116
     100
     109
     102
     105
     107
     106
     101
     105
     104
     101
      98
     106
     105
     100
     104
      94
      96
     101
     105
      86
      79
     100
      86
     104
      96
      78
      95
      87
      87
      86
      85
     105
      86
      92
      99
      92
     111
      84
      92
     103
      87
      82
      94
      81
      81
      83
      82
      91
      88
      97
     103
      95
      72
      89
      90
      90
      78
      66
      75
      78
      87
      78
      91
      73
      82
      84
      77
      85
      71
      83
      83
      81
      88
      79
      81
      81
      93
      74
      73
      97
      67
      77
      72
      58
      60
      67
      78
      79
      74
      63
      78
      58
      71
      71
      72
      69
      70
      54
      64
      52
      61
      74
      54
      70
      65
      59
      60
      68
      63
      67
      54
      67
      71
      64
      70
      54
      63
      46
      63
      48
      73
      74
      67
      63
      70
      67
      61
      64
      52
      56
      57
      62
      53
      80
      65
      53
      51
      45
      60
      56
      65
      50
      52
      45
      51
      45
      46
      45
      44
      47
      48
      46
      51
      44
      49
      52
      36
      55
      45
      52
      48
      44
      49
      60
      40
      46
      58
      51
      43
      49
      41
      57
      41
      48
      44
      50
      52
      53
      42
      46
      43
      34
      48
      38
      37
      35
      49
      40
      41
      44
      34
      41
      40
      46
      42
      42
      40
      41
      38
      27
      29
      37
      28
      36
      45
      39
      37
      43
      45
      43
      27
      39
      39
      45
      41
      38
      33
      36
      29
      37
      32
      28
      26
      34
      32
      25
      29
      33
      32
      26
      28
      38
      26
      24
      43
      23
      34
      22
      27
      32
      36
      28
      26
      33
      34
      24
      31
      40
      23
      27
      21
      30
      21
      19
      30
      22
      35
      23
      30
      28
      27
      27
      29
      30
      36
      26
      31
      26
      30
      32
      30
      19
      18
      28
      33
      25
      25
      18
      23
      17
      24
      19
      21
      18
      19
      24
      20
      17
      18
      27
      26
      29
      17
      16
      25
      18
      20
      16
      10
      20
      27
      23
      18
      18
      17
      24
      20
      21
      18
      20
      17
      13
      17
      19
      17
      10
      19
      21
      11
      11
      13
      23
      21
      21
      22
      13
      15
      19
      19
      11
      14
      19
      20
      18
      22
      11
      14
      14
      18
      18
      17
      16
      18
      19
      13
      21
      13
      16
      13
      12
      12
      11
      12
      19
      18
      11
      15
      17
       9
       8
      15
      14
      10
       9
      16
       6
      11
      10
       9
      11
      11
      11
      15
      12
       8
       9
      13
      12
      12
      11
       8
       9
      14
      12
       7
      15
       9
       9
      11
       8
      13
      20
      16
       9
      12
      12
      13
      13
      10
       9
      15
      13
      10
       3
       7
       8
       9
      13
      10
      20
       7
       9
       7
      10
       9
       8
       9
      14
       7
       8
      13
       6
      12
       3
      15
       8
       7
       2
      10
      14
       9
       6
       8
       9
       9
      12
      12
      15
      13
       7
       9
       7
       7
       7
       8
       8
       9
      10
      12
       7
       7
       5
       6
       5
       7
       6
       7
      11
       9
      11
       9
       5
       7
       8
       6
      10
       9
      11
       6
       7
       6
       7
       8
       9
       7
      12
       9
       6
       6
       4
      15
       8
       6
       5
       8
       9
      10
       8
       9
       7
       4
       6
       9
       7
       8
       5
      12
       8
       8
       6
       9
       3
       6
       5
      11
       5
       6
      10
       4
       3
      15
      10
       6
       6
       5
       5
       7
       5
       6
       6
       9
      11
       8
       3
       5
      10
       2
       4
       6
       5
       6
       7
       5
       8
       8
       5
       6
       5
       6
       5
       9
       5
       4
      11
       4
       5
       3
       5
       6
       4
       5
       3
       4
       7
      11
       8
       9
      10
       4
       4
       7
       6
       8
       5
       7
       3
       2
       4
       5
       6
       2
       5
       2
       7
       5
       4
       2
       6
       6
       7
       5
       7
       5
       4
       3
       5
       2
       4
       3
       3
       5
       3
       2
       6
       8
       2
       2
       4
       2
       3
       5
       4
       5
       4
       4
       6
       4
       4
       2
       5
       4
       0
       4
       2
       3
       4
       2
       5
       7
       4
       8
       9
       2
       1
       1
       3
       4
       4
       4
       2
       9
       3
       2
       7
       1
       3
       2
       5
       2
       3
       6
       5
       5
       3
       3
       6
      10
       3
       6
       4
       2
       3
       5
       2
       4
       0
       0
       3
       5
       3
       2
       4
       5
       2
       6
       3
       5
       4
       3
       3
       2
       1
       1
       2
       2
       7
       3
       3
       4
       0
       2
       3
       3
       5
       1
       1
       5
       3
       3
       5
       4
       3
       3
       2
       3
       2
       4
       1
       3
       1
       0
       1
       0
       9
       1
       4
       4
       2
       2
       3
       3
       2
       3
       3
       2
       3
       6
       4
       1
       5
       5
       3
       2
       3
       2
       3
       2
       1
       4
       1
       4
       2
       2
       3
       5
       1
       4
       6
       2
       2
       3
       3
       2
       1
       0
       2
       7
       3
       2
       2
       2
       2
       3
       7
       1
       1
       2
       0
       2
       1
       3
       2
       4
       4
       3
       2
       2
       2
       1
       4
       1
       5
       3
       0
       4
       3
       3
       1
       2
       2
       3
       2
       5
       2
       3
       3
       1
       6
       1
       2
       2
       1
       1
       1
       1
       0
       2
       2
       1
       2
       1
       5
       4
       2
       3
       1
       3
       3
       3
       2
       3
       1
       3
       1
       0
       1
       4
       0
       5
       2
       2
       2
       1
       3
       1
       1
       3
       0
       2
       3
       3
       2
       4
       1
       4
       2
       2
       2
       1
       6
       1
       2
       0
       2
       2
       4
       2
       1
       0
       4
       2
       1
       2
       0
       2
       2
       3
       2
       2
       5
       1
       1
       1
       4
       0
       2
       2
       1
       1
       1
       3
       1
       0
       0
       1
       2
       1
       0
       3
       4
       2
       2
       1
       4
       2
       1
       1
       3
       2
       3
       2
       4
       1
       1
       3
       1
       2
       4
       0
       0
       2
       5
       2
       0
       0
       1
       3
       4
       3
       2
       2
       1
       1
       5
       2
       3
       3
       1
       1
       2
       1
       2
       2
       0
       3
       0
       0
       2
       0
       1
       0
       1
       1
       5
       1
       1
       1
       1
       3
       2
       0
       3
       0
       2
       3
       2
       0
       1
       1
       1
       2
       1
       2
       1
       2
       2
       2
       3
       1
       3
       2
       1
       1
       2
       0
       1
       4
       1
       1
       0
       2
       3
       2
       3
       1
       1
       2
       1
       2
       1
       4
       3
       3
       0
       1
       2
       0
       3
       3
       2
       2
       2
       3
       1
       3
       0
       1
       0
       2
       6
       1
       1
       0
       3
       2
       3
       0
       1
       4
       3
       4
       1
       3
       2
       1
       0
       0
       2
       1
       1
       3
       1
       2
       2
       2
       1
       1
       7
       1
       3
       4
       0
       0
       0
       0
       1
       1
       3
       1
       2
       1
       3
       1
       1
       2
       4
       0
       2
       1
       2
       2
       3
       2
       0
       3
       1
       1
       2
       3
       2
       2
       0
       4
       2
       1
       2
       3
       2
       0
       0
       2
       1
       0
       3
       0
       3
       1
       1
       0
       1
       2
       4
       4
       2
       0
       1
       3
       1
       3
       1
       2
       2
       2
       2
       1
       1
       1
       1
       1
       2
       2
       1
       0
       3
       1
       0
       3
       1
       1
       0
       1
       2
       1
       4
       0
       4
       5
       1
       1
       4
       3
       1
       0
       3
       1
       3
       2
       3
       2
       1
       1
       0
       2
       1
       0
       1
       3
       3
       1
       2
       2
       1
       5
       0
       2
       1
       2
       3
       3
       4
       2
       1
       0
       1
       4
       3
       0
       0
       1
       2
       1
       0
       1
       2
       2
       6
       0
       2
       1
       5
       0
       2
       2
       3
       0
       1
       2
       3
       1
       2
       1
       5
       4
       2
       1
       3
       3
       1
       4
       0
       2
       3
       2
       1
       1
       1
       1
       0
       1
       2
       2
       0
       1
       2
       1
       0
       3
       3
       0
       0
       1
       2
       1
       3
       0
       4
       2
       1
       2
       2
       2
       0
       2
       2
       0
       1
       5
       1
       2
       0
       0
       4
       4
       1
       1
       2
       1
       0
       1
       2
       2
       1
       3
       1
       1
       0
       2
       3
       5
       3
       2
       3
       3
       2
       2
       0
       0
       0
       2
       0
       1
       1
       2
       1
       2
       1
       2
       2
       2
       2
       1
       1
       6
       3
       2
       1
       1
       0
       3
       2
       3
       6
       2
       2
       1
       1
       1
       4
       5
       2
       1
       3
       0
       0
       3
       0
       3
       0
       0
       0
       0
       0
       3
       1
       1
       3
       1
       1
       1
       1
       1
       1
       3
       0
       2
       3
       4
       2
       3
       0
       0
       0
       2
       3
       0
       2
       4
       1
       2
       2
       1
       2
       2
       1
       3
       3
       2
       1
       1
       2
       1
       0
       1
       2
       4
       1
       1
       0
       4
       2
       1
       0
       3
       0
       4
       1
       2
       1
       4
       1
       2
       1
       1
       0
       2
       4
       1
       1
       0
       0
       1
       2
       3
       0
       0
       4
       2
       1
       3
       2
       1
       0
       3
       1
       3
       0
       3
       1
       1
       0
       1
       2
       1
       2
       2
       0
       1
       2
       2
       2
       1
       1
       1
       0
       0
       0
       0
       5
       1
       2
       1
       0
       2
       0
       3
       2
       2
       2
       2
       2
       0
       2
       2
       3
       4
       0
       2
       0
       2
       1
       3
       1
       3
       1
       3
       0
       0
       0
       1
       0
       0
       1
       0
       1
       4
       1
       0
       4
       1
       1
       1
       2
       1
       0
       0
       1
       2
       2
       2
       1
       1
       0
       3
       1
       0
       0
       1
       1
       2
       1
       2
       0
       1
       3
       2
       3
       2
       1
       3
       2
       4
       4
       2
       2
       1
       1
       4
       3
       4
       2
       0
       1
       2
       1
       0
       0
       1
       1
       1
       1
       1
       0
       2
       2
       1
       0
       1
       3
       5
       0
       1
       1
       2
       1
       4
       2
       1
       1
       3
       0
       0
       1
       1
       0
       0
       2
       1
       3
       2
       4
       0
       6
       2
       1
       0
       1
       1
       0
       1
       0
       2
       1
       3
       2
       2
       1
       2
       2
       2
       4
       3
       1
       2
       3
       2
       3
       0
       1
       1
       1
       2
       0
       1
       1
       1
       1
       0
       4
       1
       0
       1
       0
       2
       0
       3
       2
       4
       4
       1
       1
       1
       2
       1
       1
       4
       1
       2
       1
       2
       2
       0
       1
       3
       3
       1
       1
       3
       0
       1
       3
       3
       1
       1
       2
       3
       1
       0
       2
       1
       0
       2
       1
       1
       2
       0
       1
       1
       0
       3
       3
       1
       0
       2
       2
       3
       2
       1
       0
       0
       0
       0
       0
       0
       2
       2
       0
       2
       0
       1
       2
       1
       0
       1
       1
       3
       2
       0
       0
       2
       1
       2
       1
       2
       1
       3
       3
       0
       0
       2
       0
       1
       1
       0
       0
       1
       2
       3
       1
       0
       2
       0
       2
       0
       0
       2
       1
       1
       1
       1
       4
       1
       1
       1
       0
       1
       3
       1
       0
       2
       2
       1
       1
       2
       1
       1
       2
       2
       0
       3
       0
       2
       1
       3
       0
       1
       0
       1
       1
       4
       1
       0
       4
       1
       2
       2
       1
       0
       0
       1
       0
       1
       0
       0
       2
       1
       1
       3
       3
       1
       1
       0
       2
       3
       0
       1
       1
       1
       2
       3
       0
       2
       1
       0
       1
       1
       0
       2
       2
       1
       2
       0
       1
       1
       0
       0
       1
       2
       0
       1
       1
       0
       1
       1
       0
       0
       1
       1
       1
       1
       0
       2
       0
       0
       3
       1
       2
       4
       0
       1
       3
       1
       1
       0
       2
       1
       1
       0
       0
       2
       1
       1
       1
       3
       2
       2
       3
       2
       1
       3
       0
       1
       0
       1
       0
       0
       0
       2
       0
       3
       0
       2
       1
       0
       2
       3
       2
       0
       2
       0
       1
       3
       2
       2
       1
       0
       0
       0
       1
       1
       2
       1
       1
       2
       4
       1
       1
       2
       4
       1
       0
       1
       1
       0
       3
       2
       1
       1
       1
       1
       0
       2
       3
       1
       2
       3
       0
       1
       1
       1
       0
       2
       1
       4
       1
       0
       1
       2
       1
       1
       1
       0
       0
       1
       2
       2
       1
       0
       1
       2
       1
       0
       2
       2
       0
       0
       4
       2
       1
       2
       1
       2
       3
       2
       0
       1
       0
       2
       1
       1
       1
       0
       3
       0
       0
       0
       1
       0
       1
       1
       1
       3
       2
       0
       3
       0
       0
       1
       0
       1
       2
       0
       0
       3
       1
       1
       1
       2
       2
       1
       0
       1
       3
       0
       1
       2
       0
       3
       3
       2
       2
       1
       1
       0
       1
       1
       1
       0
       0
       1
       2
       0
       3
       1
       0
       2
       3
       0
       2
       2
       0
       1
       2
       1
       1
       2
       1
       0
       1
       1
       0
       0
       1
       1
       0
       0
       1
       0
       1
       0
       2
       0
       1
       2
       3
       5
       3
       0
       1
       0
       2
       3
       0
       0
       2
       1
       2
       1
       2
       1
       0
       2
       0
       0
       2
       1
       1
       2
       2
       0
       3
       1
       1
       1
       0
       3
       0
       1
       3
       4
       0
       3
       1
       1
       1
       1
       2
       4
       1
       1
       2
       3
       2
       1
       0
       3
       1
       0
       2
       0
       0
       0
       4
       1
       1
       2
       0
       0
       3
       2
       3
       1
       2
       2
       0
       3
       2
       0
       0
       2
       3
       3
       2
       1
       2
       2
       1
       2
       3
       3
       3
       1
       3
       1
       2
       0
       3
       2
       1
       2
       1
       4
       3
       1
       1
       3
       3
       1
       4
       4
       2
       2
       1
       0
       0
       2
       0
       2
       0
       2
       2
       2
       0
       2
       2
       5
       2
       1
       1
       1
       3
       1
       2
       2
       2
       1
       0
       1
       2
       3
       2
       1
       2
       3
       1
       2
       2
       6
       1
       2
       0
       1
       1
       1
       0
       1
       1
       2
       1
       0
       1
       1
       2
       2
       1
       5
       3
       1
       0
       2
       1
       0
       2
       4
       4
       1
       3
       2
       1
       1
       2
       1
       2
       1
       0
       1
       4
       2
       3
       2
       3
       2
       0
       0
       4
       3
       0
       3
       2
       4
       1
       3
       3
       1
       1
       3
       3
       2
       3
       2
       1
       3
       6
       1
       3
       2
       1
       0
       1
       4
       3
       2
       0
       1
       3
       2
       2
       1
       2
       2
       1
       0
       7
       2
       1
       0
       1
       3
       1
       1
       2
       2
       5
       2
       3
       4
       2
       2
       3
       2
       4
       3
       6
       1
       1
       0
       5
       2
       2
       1
       1
       4
       3
       3
       2
       3
       3
       3
       0
       0
       3
       1
       4
       1
       2
       3
       2
       2
       2
       2
       3
       0
       5
       2
       1
       3
       0
       2
       3
       3
       4
       2
       0
       1
       4
       1
       1
       5
       2
       2
       1
       2
       2
       1
       1
       4
       5
       1
       1
       4
       1
       2
       1
       5
       6
       5
       5
       3
       3
       4
       1
       2
       2
       2
       0
       1
       4
       2
       3
       4
       3
       5
       0
       1
       1
       1
       1
       3
       7
       2
       1
       4
       2
       5
       3
       5
       6
       1
       3
       4
       3
       2
       1
       0
       3
       2
       2
       3
       2
       7
       2
       5
       2
       3
       2
       4
       1
       3
       2
       0
       1
       1
       1
       0
       3
       2
       4
       3
       2
       3
       3
       4
       2
       2
       1
       5
       2
       6
       2
       2
       2
       5
       5
       3
       3
       1
       2
       5
       2
       2
       1
       3
       3
       7
       3
       3
       3
       2
       1
       4
       5
       1
       1
       4
       5
       3
       1
       4
       8
       3
       2
       6
       3
       5
       4
       3
       1
       3
       2
       1
       1
       2
       5
       3
       1
       2
       2
       3
       2
       1
       2
       4
       5
       4
       3
       1
       1
       2
       4
       7
       2
       0
       3
       1
       1
       5
       5
       2
       3
       3
       2
       2
       1
       2
       2
       0
       0
       4
       2
       4
       5
       4
       1
       1
       3
       2
       5
       3
       0
       3
       4
       4
       5
       3
       5
       4
       3
       2
       1
       3
       3
       2
       5
       1
       3
       4
       2
       0
       2
       3
       4
       4
       0
       1
       4
       4
       3
       1
       0
       3
       1
       4
       1
       0
       1
       3
       3
       7
       0
       3
       1
       1
       3
       3
       0
       5
       3
       1
       1
       1
       2
       1
       4
       2
       3
       1
       4
       1
       0
       2
       2
       4
       3
       1
       2
       3
       3
       1
       1
       6
       2
       5
       2
       1
       2
       2
       1
       5
       2
       5
       4
       4
       2
       1
       3
       1
       3
       2
       0
       2
       2
       1
       3
       0
       2
       0
       3
       1
       3
       4
       2
       1
       3
       2
       2
       3
       1
       3
       3
       3
       3
       1
       2
       5
       3
       1
       2
       3
       3
       2
       2
       3
       3
       3
       1
       3
       4
       4
       2
       0
       2
       2
       2
       4
       4
       2
       0
       4
       4
       0
       3
       5
       1
       5
       4
       4
       8
       0
       4
       7
       5
       1
       2
       4
       1
       1
       4
       2
       8
       4
       3
       1
       3
       3
       2
       3
       8
       4
       4
       4
       2
       4
       3
       3
       3
       5
       2
       4
       2
       2
       4
       5
       4
       3
       9
       6
       2
       2
       3
       7
       2
       6
       6
       4
       5
       6
       5
       4
       3
       4
       3
      11
       5
       5
       3
       8
       4
       3
       6
       6
       7
       5
       4
       8
       8
       7
       6
       6
       4
      10
       7
       5
       6
       8
       6
       6
      11
       8
      11
       7
       5
       7
       8
       8
       5
      11
       6
       9
       9
       4
       6
       1
       6
       4
       2
       6
       6
       6
       8
       6
       7
       8
       4
      13
       8
      12
       6
       4
       6
       7
      12
      10
       2
      10
       5
       6
       3
      12
      10
       9
       3
      11
       7
       8
      11
       6
       6
       7
       8
       9
       9
       7
       9
       9
      10
       4
      14
       6
       6
       6
       7
      11
      10
       4
      10
       6
       6
       5
       3
       6
       4
       7
       2
       5
       3
       4
       6
       5
       3
       4
       7
       3
       3
       5
       8
       3
       7
       2
       2
       0
       3
       4
       5
       4
       4
       3
       3
       5
       4
       5
       2
       5
       3
       1
       6
       3
       3
       3
       0
       2
       3
       2
       2
       4
       2
       2
       3
       4
       2
       3
       0
       0
       2
       0
       3
       1
       1
       2
       0
       2
       0
       0
       3
       0
       1
       3
       1
       1
       0
       2
       0
       2
       0
       1
       1
       2
       2
       1
       0
       0
       0
       0
       0
       1
       0
       2
       3
       0
       0
       2
       2
       0
       0
       0
       2
       0
       0
       0
       0
       1
       0
       1
       0
       0
       0
       0
       0
       0
       0
       0
       0
       0
       0
       0
       2
       0
       1
       0
       1
       0
       0
       0
       0
       0
       0
       0
       0
       0
       0
       0
       0
       0
       0
       0
       0
       0
       0
       0
       1
       0
       1
       1
       0
       1
       0
       0
       1
       0
       0
       0
       0
       0
       1
       0
       0
       0
       0
       1
       0
       0
       0
       0
       0
       1
       0
       0
       0
       1
       0
       0
       1
       0
       0
       0
       0
       0
       0
       0
       0
       0
       1
       0
       0
       1
       1
       0
       0
       0
       0
       0
       0
       0
       0
       0
       0
       0
       0
       0
       0
       0
       0
       1
       0
       0
       0
       1
       0
       0
       1
       1
       0
       2
       0
       0
       0
       0
       1
       0
       0
       0
       1
       0
       0
       0
       0
       0
       0
       0
       0
       0
       0
       0
       0
       0
       1
       0
       0
       0
       0
       0
       0
       0
       0
       1
       0
       1
       0
       1
       0
       0
       0
       0
       1
       0
       0
       0
       0
       1
       0
       0
       0
       0
       0
       1
       0
       0
       0
       0
       0
       0
       0
       0
       0
       1
       0
       0
       0
       0
       0
       0
       1
       0
       0
       0
       0
       1
       1
       1
       0
       2
       1
       0
       0
       0
       0
       0
       1
       0
       0
       0
       0
       0
       0
       0
       0
       0
       0
       0
       0
       0
       1
       0
       0
       0
       1
       0
       0
       0
       1
       0
       0
       0
       1
       0
       1
       0
       0
       0
       1
       0
       0
       0
       0
       1
       0
       0
       2
       0
       1
       0
       0
       0
       0
       0
       1
       0
       0
       0
       1
       0
       1
       0
       0
       0
       4
       3
       4
       4
       1
       3
       1
       1
       3
       6
       5
       3
       6
       1
       1
       4
       4
       4
       3
       1
       3
       2
       1
       1
       7
       4
       5
       5
       3
       5
       1
       1
       1
       3
       5
       3
       4
       2
       0
       1
       4
       4
       1
       4
       3
       4
       6
       2
       3
       4
       4
       2
       6
       6
       3
       1
       2
       4
       3
       3
       1
       3
       3
       2
       3
       7
       4
       4
       2
       4
       1
       3
       5
       3
       4
       2
       5
       5
       3
       4
       4
       4
       4
       6
       3
       3
       2
       4
       0
       6
       8
       1
       1
       3
       1
       4
       3
       2
       2
       3
       3
       0
       4
       4
       5
       8
       5
       1
       1
       3
       4
       2
       8
       7
       2
       2
       3
       6
       5
       2
       6
       6
       6
       3
       1
       4
       6
       3
       5
       3
       3
       3
       3
       1
       3
       3
       3
       6
       0
       3
       7
       5
       7
       4
       4
       2
       2
       3
       5
       4
       6
       5
       4
       5
       3
       7
       1
       3
       4
       7
       6
       6
       5
       2
       3
       2
       5
       1
       4
       2
       3
       6
       2
       3
       1
       2
       1
       1
       2
       0
       4
       6
       3
       4
$ROI:
2
1915 2625
3640 5397
$PRESETS:
Live Time
120
0
$ENER_FIT:
0.000000 0.000000
$MCA_CAL:
3
0.000000E+000 0.000000E+000 0.000000E+000 
$SHAPE_CAL:
3
0.000000E+000 0.000000E+000 0.000000E+000
