$SPEC_ID:
No sample description was entered.
$SPEC_REM:
DET# 1
DETDESC# VP03 MCB 337
AP# Maestro Version 7.01
$DATE_MEA:
01/14/2019 10:40:03
$MEAS_TIM:
120 121
$DATA:
0 8191
       0
       0
       0
       0
       0
       0
       0
       0
       0
       0
       0
       0
       0
       0
       0
       0
       0
       0
       0
       0
       0
       0
       0
       0
       0
       0
       0
       0
       0
       0
       0
       0
       0
       0
       0
       0
       0
       0
       0
       0
       0
       0
       0
       0
       0
       0
       0
       0
       0
       0
       0
       0
       0
       0
       0
       0
       0
       0
       0
       0
       0
       0
       0
       0
       0
       0
       0
       0
       0
       0
       0
       0
       0
       0
       0
       0
       0
       0
       0
       0
       0
       0
       0
       0
       0
       0
       0
       0
       1
       1
       2
       1
       1
       4
       5
      16
      15
      13
      28
      24
      34
      61
      57
      57
      78
      90
      93
      88
      96
      95
     117
     130
     114
     130
     137
     135
     134
     144
     149
     152
     147
     155
     148
     132
     168
     146
     141
     139
     149
     142
     136
     149
     169
     145
     139
     157
     157
     151
     164
     161
     155
     147
     163
     151
     132
     150
     154
     127
     148
     137
     153
     132
     146
     136
     137
     153
     121
     135
     160
     144
     140
     136
     134
     152
     124
     159
     136
     148
     132
     147
     164
     151
     160
     145
     162
     142
     148
     146
     137
     146
     152
     148
     149
     156
     159
     167
     141
     148
     151
     170
     167
     147
     168
     150
     151
     163
     157
     143
     164
     134
     134
     149
     139
     146
     172
     163
     142
     154
     152
     148
     143
     149
     136
     134
     166
     142
     157
     146
     130
     152
     168
     145
     159
     127
     141
     162
     150
     166
     157
     149
     149
     146
     155
     152
     157
     141
     138
     140
     157
     161
     138
     149
     137
     146
     144
     169
     158
     152
     146
     148
     158
     155
     128
     143
     147
     141
     141
     163
     128
     150
     142
     143
     152
     145
     142
     126
     173
     143
     116
     159
     130
     175
     132
     129
     133
     144
     139
     145
     145
     142
     134
     168
     151
     153
     144
     142
     136
     163
     146
     146
     169
     138
     169
     153
     164
     147
     117
     139
     156
     144
     148
     147
     149
     153
     159
     134
     152
     170
     163
     156
     146
     151
     146
     183
     151
     167
     154
     162
     128
     156
     154
     165
     140
     156
     160
     180
     153
     163
     153
     168
     162
     169
     166
     187
     190
     170
     172
     177
     194
     158
     179
     161
     176
     172
     170
     171
     164
     189
     182
     185
     188
     185
     203
     185
     200
     164
     161
     189
     170
     152
     182
     180
     157
     193
     159
     175
     181
     171
     192
     197
     205
     171
     174
     151
     185
     156
     168
     174
     163
     181
     179
     195
     192
     161
     158
     182
     173
     157
     170
     170
     162
     164
     172
     177
     179
     184
     183
     154
     175
     155
     146
     162
     183
     164
     153
     179
     176
     160
     158
     173
     169
     153
     151
     153
     151
     159
     143
     168
     144
     140
     149
     172
     134
     150
     162
     150
     140
     161
     160
     133
     172
     145
     137
     158
     141
     148
     159
     161
     134
     138
     138
     121
     143
     143
     146
     160
     133
     116
     141
     138
     160
     143
     146
     136
     147
     119
     160
     131
     138
     139
     132
     151
     125
     120
     132
     138
     117
     123
     132
     160
     142
     142
     112
     131
     120
     144
     112
     120
     122
     127
     139
     135
     119
     138
     136
     120
     132
     133
     117
     135
     119
     133
     120
     128
     109
     138
     142
     133
     141
     104
     137
     124
     129
     115
     104
     124
     124
     110
     134
     115
     139
     133
     140
     126
     110
     131
     111
     100
     103
     127
     108
     125
     118
     112
     108
     110
     110
     113
     120
     109
     123
     126
      86
     112
     117
     112
     118
     121
     112
     106
     102
     103
      91
     124
     103
     125
     105
     119
     129
     113
     117
     118
     109
     125
     101
     107
     106
     101
     119
     113
     117
     102
     102
      99
     106
     104
      93
     101
     114
     101
      91
      99
      91
     100
     108
      99
     111
     107
     112
     119
      99
     126
      99
      96
      94
      84
     120
     108
     105
     112
      93
     113
      92
     103
     103
     102
      93
     116
      92
     102
     101
     119
      88
     116
     110
      87
     107
     115
      75
     100
      93
     103
      96
      90
     114
     108
      99
      88
     103
      75
     108
      86
      91
     105
     109
      90
     109
      98
      95
     107
     100
     103
      96
      98
     101
      98
      87
      97
      94
      96
      88
      77
      95
     104
      89
     102
      93
      91
      83
     105
      98
      90
      98
      96
     100
      91
      87
      98
      91
      81
      93
     103
      88
     113
      89
      85
     104
      87
     120
      72
      97
      86
      91
      98
      95
      90
      81
      91
      89
      83
      91
      81
      86
      94
      75
      87
     109
      90
      93
      86
      91
      99
      78
      91
      98
      80
      89
      80
      93
      94
      70
     102
      85
      76
      91
      80
      74
     108
      97
      84
      94
      89
      74
      80
      65
      84
      91
      85
      98
     100
      95
      80
      66
      81
      92
      76
      85
      87
      74
      93
      75
      90
      82
      99
      90
      86
      84
      85
      70
      76
      74
      92
     105
      90
      89
      90
      82
      80
      79
      78
      81
      80
      90
      85
      90
      69
      78
      94
      76
      96
      90
      79
      75
      96
      88
      82
      82
      85
      93
      76
      83
      76
      95
      84
      77
      82
      84
      80
     101
      85
      62
      69
      64
      76
      80
      79
      83
      79
      78
      86
      82
      73
      84
      93
      86
      85
      90
      97
      69
      89
      71
      81
      76
      80
      85
      92
      72
      89
      67
      67
      84
      67
      81
      63
      70
      77
      92
      91
      71
      97
      86
      84
      80
      87
      88
      67
      79
      91
      80
      69
      98
      67
      86
      76
      72
      70
      84
      75
      71
      76
      85
      73
      82
      72
      81
      75
      92
      79
      95
      80
      74
      65
      75
      91
      76
      60
      74
      68
      75
      75
      73
      71
      78
      73
      85
      82
      67
      93
      73
      74
      81
      88
      77
      70
      90
      77
      89
      87
      74
      87
      83
      90
      75
      76
      80
      83
      82
      78
      76
      77
      73
      92
      72
      73
      59
      63
      75
      85
      77
      72
      85
      85
      62
      78
      68
      68
      69
      83
      74
      80
      81
      72
      81
      79
      75
      72
      88
      71
      89
      65
      68
      80
      68
      53
      83
      83
      90
      84
      65
      83
      74
      71
      69
      61
      64
      72
      82
      61
      90
      76
      72
      76
      75
      71
      87
      90
      85
      62
      74
      99
      76
      82
      77
      78
      72
      72
      80
      80
      79
      78
      65
      72
      82
      76
      89
      82
      76
      70
      61
      79
      83
      83
      72
     100
      75
      78
      77
      72
      79
      79
      73
      62
      69
      62
      72
      70
      61
      78
      83
      83
      67
      63
      68
      61
      63
      72
      94
      84
      64
      75
      73
      70
      69
      71
      75
      59
      73
      97
      83
      77
      72
      60
      70
      87
      69
      78
      49
      75
      89
      52
      78
      67
      86
      77
      85
      81
      82
      71
      55
      63
      82
      70
      82
      73
      84
      72
      92
      76
      72
      73
      74
      82
      63
      75
      70
      68
      67
      72
      64
      61
      77
      78
      78
      89
      71
      94
      71
      69
      76
      78
      71
      67
      81
      77
      89
      63
      77
      79
      69
      70
      79
      83
      68
      75
      80
      78
      65
      81
      76
      63
      71
      77
      87
      70
      78
      71
      91
      83
      76
      77
      77
      61
      83
      77
      65
      76
      73
      88
      60
      76
      72
      62
      74
      71
      73
      69
      69
      59
      80
      77
      85
      85
      81
      78
      60
      64
      68
      75
      78
      79
      71
      52
      63
      64
      74
      68
      70
      74
      63
      87
      64
      53
      81
      78
      69
      76
      83
      81
      84
      70
      72
      59
      82
      69
      66
      83
      65
      79
      72
      67
      76
      63
      70
      76
      70
      77
      81
      77
      67
      80
      76
      69
      66
      75
      69
      71
      81
      77
      63
      74
      78
      68
      82
      86
      68
      81
      69
      64
      59
      81
      68
      73
      75
      88
      61
      68
      71
      81
      69
      57
      83
      61
      56
      76
      80
      92
      77
      75
      77
      82
      77
      79
      72
      82
      78
      70
      63
      85
      66
      90
      80
      80
      61
      59
      75
      80
      69
      80
      45
      84
      95
      82
      92
      73
      54
      67
     107
      81
      85
      86
      75
      82
      75
      55
      81
      84
      75
      78
      78
      75
      68
      84
      81
      76
      84
      67
      75
      72
      77
      73
      64
      61
      71
      58
      76
      77
      71
      78
      86
      80
      88
      67
      80
      93
      68
      70
      68
      97
      65
      86
      80
      87
      64
      83
      80
      78
      80
      64
      78
      73
      77
      81
      72
      69
      83
      75
      87
      72
      90
      74
      74
      74
      80
      78
      65
      71
      62
      73
      74
      71
      63
      73
      66
      79
      81
      68
      66
      75
      84
      97
      80
      70
      75
      86
      79
      69
      75
      91
      86
      83
      84
      83
      82
      68
      68
      78
      74
      81
      76
      70
      79
      85
      91
      71
      80
      77
      83
      71
      82
      70
      71
      87
      76
      61
      75
      73
      86
      84
      59
      80
      85
      77
      77
      55
     101
      84
      64
      81
      69
      74
      76
      79
      63
      82
      68
      72
      64
      94
      87
      67
      88
      64
      78
      63
      86
      85
      88
      81
      66
      81
      59
      77
      79
      92
      74
      85
      86
      80
      79
      65
      73
      63
      72
      65
      76
      84
      98
      79
      88
      77
      74
      70
      84
      72
      72
      64
      80
      71
      70
      75
      80
      84
      72
      64
      81
      88
      71
      87
      69
      82
      75
      85
      79
      91
      92
      71
      87
      73
      78
      82
      74
      92
      69
      83
      72
      89
      67
      78
      90
      67
      81
      83
      71
      78
      72
      73
      73
      75
      71
      81
      72
      78
      73
      83
      83
      94
      78
      94
      69
      96
      74
      70
      72
      79
      78
      94
      97
      84
      96
      74
      82
      92
      82
      90
      61
      78
      74
      67
      67
      82
      80
      78
      92
     105
      99
      85
      71
     103
      84
      80
     100
     101
      68
      69
      70
      86
      87
      99
      85
      89
      81
      92
      79
      79
      72
      78
      65
      90
      97
      81
      85
      88
      99
      86
     105
      83
      82
      72
      88
      81
      80
      82
      87
      93
      77
      95
      82
      78
      83
      83
      98
      84
      76
     101
      77
      84
      78
      81
      83
      88
      71
      88
      78
      81
      79
      98
      97
      83
     107
      97
      87
      86
      86
      78
      82
      80
      80
      91
      81
      89
      78
      95
      87
      91
      89
      87
      92
      84
      92
      79
      84
      80
      94
      70
     105
      75
      71
      80
     104
      83
      98
      69
      72
      89
     100
      88
      98
      85
      94
      89
      87
      93
     107
      98
      94
      76
      90
      79
      58
      93
      88
      82
      86
      82
      83
      92
      86
      92
      83
      72
      83
      92
      99
      71
      87
      75
      86
      91
      84
      80
      90
      79
      78
      92
      89
      74
      93
      82
      94
      77
     104
      95
      81
      81
      83
      84
      96
      76
      66
      69
      89
      79
      85
      95
      76
      88
      90
      81
      97
      90
      83
      77
      65
      88
      93
      88
      69
      81
      83
      73
     108
      94
      99
      89
      92
      85
      81
      96
      85
      79
      75
      76
      66
      73
      65
      68
      77
      72
      75
      82
      87
      92
      87
      70
      82
      89
      77
      98
      78
      65
      80
      82
      68
      85
      69
      63
      62
      80
      80
      80
      73
      88
      69
      71
      66
      78
      59
      61
      71
      77
      73
      69
      78
      71
      85
      87
      69
      63
      66
      54
      66
      70
      65
      73
      75
      76
      81
      79
      69
      69
      58
      65
      71
      58
      59
      61
      73
      61
      62
      66
      65
      52
      66
      61
      70
      56
      59
      57
      69
      65
      69
      67
      59
      65
      69
      55
      84
      56
      48
      62
      74
      63
      57
      60
      66
      68
      57
      65
      64
      50
      54
      44
      52
      57
      66
      61
      54
      70
      51
      47
      50
      67
      62
      70
      62
      55
      54
      54
      50
      55
      57
      55
      54
      58
      58
      52
      74
      58
      67
      48
      60
      42
      71
      45
      55
      47
      54
      53
      44
      59
      50
      62
      50
      60
      61
      54
      49
      47
      57
      60
      55
      67
      56
      55
      58
      56
      58
      48
      50
      47
      53
      47
      51
      50
      62
      57
      42
      63
      53
      41
      41
      49
      43
      52
      48
      54
      58
      50
      51
      49
      51
      77
      45
      54
      51
      59
      46
      44
      53
      55
      42
      58
      44
      55
      46
      59
      46
      67
      48
      40
      55
      57
      58
      58
      51
      59
      46
      54
      56
      48
      50
      47
      53
      59
      55
      56
      49
      46
      51
      53
      54
      42
      58
      51
      46
      53
      60
      51
      58
      47
      45
      38
      53
      49
      48
      57
      45
      54
      50
      53
      47
      52
      46
      37
      39
      50
      58
      44
      49
      48
      48
      60
      62
      45
      34
      36
      56
      46
      52
      46
      50
      52
      51
      52
      55
      51
      47
      48
      57
      40
      58
      45
      47
      56
      35
      49
      65
      41
      38
      50
      49
      44
      51
      47
      50
      45
      40
      53
      45
      50
      55
      49
      47
      49
      48
      47
      38
      47
      62
      37
      45
      50
      50
      49
      53
      62
      55
      59
      53
      61
      61
      46
      47
      54
      53
      55
      58
      47
      39
      60
      57
      51
      60
      47
      62
      61
      69
      64
      51
      56
      81
      54
      69
      66
      55
      68
      81
      67
      79
      79
      67
      59
      66
      96
      79
      68
      83
      68
      79
      86
      84
      85
      89
      76
      84
      78
      94
      92
      89
      99
      92
     110
     104
      94
     114
     111
     101
     111
     112
     114
     120
     111
     106
     115
     121
     124
     105
     120
     123
     111
      93
     130
     111
      96
     105
     134
     125
     128
     134
     132
     143
     119
     156
     115
     148
     130
     150
     153
     171
     147
     142
     153
     163
     155
     177
     161
     137
     165
     168
     154
     156
     154
     158
     173
     182
     175
     168
     176
     159
     166
     152
     183
     183
     188
     169
     171
     159
     152
     179
     189
     138
     173
     188
     176
     166
     156
     155
     160
     196
     152
     188
     148
     162
     177
     149
     146
     175
     161
     168
     163
     173
     206
     171
     171
     150
     167
     166
     184
     177
     148
     157
     152
     160
     172
     157
     151
     151
     146
     144
     137
     153
     130
     161
     137
     150
     133
     134
     124
     150
     134
     144
     135
     143
     155
     130
     132
     122
     132
     119
     124
     129
     104
     115
     106
     110
      91
     107
     103
     124
      98
      93
     106
      88
     106
      93
      89
      80
      85
      95
      85
      84
      82
      76
      77
      82
      73
      66
      73
      80
      75
      70
      68
      77
      61
      54
      53
      74
      54
      50
      51
      52
      53
      48
      50
      58
      40
      58
      53
      60
      49
      45
      56
      49
      42
      50
      39
      29
      45
      37
      44
      40
      24
      32
      34
      28
      38
      39
      31
      34
      32
      28
      34
      33
      28
      28
      33
      37
      28
      30
      29
      30
      20
      24
      28
      34
      24
      27
      34
      32
      21
      32
      29
      22
      43
      20
      29
      26
      28
      25
      21
      19
      34
      25
      32
      27
      29
      27
      29
      24
      27
      31
      28
      22
      23
      33
      27
      28
      41
      39
      29
      36
      42
      39
      29
      41
      35
      36
      35
      37
      31
      37
      30
      28
      39
      49
      36
      49
      43
      65
      49
      55
      46
      40
      55
      62
      53
      51
      65
      46
      58
      69
      64
      52
      71
      75
      69
      75
      58
      69
      75
      56
      75
      75
      61
      72
      81
      86
      82
      81
      80
      74
      83
      69
      91
      88
      92
      93
      85
      92
      89
     106
      88
      95
     104
     109
     118
     105
     107
      91
     115
      94
      91
     112
      96
     123
     120
     119
     115
     104
     102
      97
     121
     110
     136
     116
     132
     134
     106
     148
     104
     105
     125
     134
     130
     117
     134
     136
     148
     142
     130
     129
     130
     141
     120
     128
     116
     132
     142
     121
     154
     126
     152
     129
     144
     156
     128
     127
     156
     139
     128
     110
     146
     146
     123
     129
     135
     131
     134
     105
     104
     140
     144
     154
     133
     114
     120
     116
     111
     131
     129
     110
     133
     111
     122
     126
     123
      97
     104
     109
     135
     106
     124
     124
     126
     103
     107
     113
     112
      95
     113
     101
     101
     108
     105
      94
     106
     100
      79
      91
      99
      81
      81
      80
      98
      80
      82
      94
      76
      96
      83
      84
      58
      93
      80
      63
      70
      63
      63
      66
      72
      61
      54
      58
      44
      69
      65
      55
      70
      40
      53
      58
      53
      51
      49
      58
      45
      57
      36
      45
      48
      41
      54
      37
      39
      46
      43
      37
      30
      44
      46
      30
      36
      29
      39
      37
      34
      23
      38
      26
      21
      20
      31
      31
      23
      25
      17
      26
      23
      30
      29
      19
      17
      21
      18
      11
      15
      16
      11
      14
      14
      10
      17
      22
      13
      14
      15
      12
      12
      21
      16
      10
      12
      12
      16
      14
      12
      12
      13
       9
      14
      13
      14
      11
      10
       8
       4
      11
       4
      11
       6
       9
       3
       6
       4
       4
       5
       4
       2
       5
       4
       8
       4
       7
       4
       4
       6
       8
       4
       6
      11
       4
       3
       5
       5
       5
       3
       2
       5
       4
       7
       0
       2
       1
       3
       3
       3
       0
       4
       5
       4
       3
       2
       2
       4
       1
       2
       4
       5
       3
       0
       5
       2
       1
       3
       3
       4
       3
       0
       4
       0
       1
       2
       2
       5
       2
       5
       2
       3
       5
       2
       5
       5
       3
       3
       0
       2
       5
       4
       4
       1
       2
       1
       2
       2
       1
       2
       0
       1
       2
       3
       3
       2
       2
       2
       2
       1
       5
       3
       3
       1
       2
       1
       2
       1
       2
       1
       1
       2
       1
       3
       0
       0
       1
       1
       1
       3
       2
       1
       1
       1
       2
       1
       1
       2
       2
       2
       0
       1
       2
       1
       2
       1
       1
       0
       0
       0
       0
       1
       0
       2
       0
       2
       0
       3
       1
       1
       1
       0
       0
       1
       1
       0
       1
       0
       0
       2
       1
       0
       3
       0
       3
       1
       0
       1
       1
       4
       0
       0
       0
       0
       1
       2
       1
       1
       2
       1
       1
       0
       0
       1
       0
       0
       0
       1
       1
       1
       0
       0
       0
       0
       0
       1
       2
       1
       0
       0
       0
       1
       1
       1
       0
       1
       1
       3
       0
       1
       1
       2
       2
       0
       0
       1
       2
       0
       1
       0
       0
       0
       1
       1
       0
       0
       3
       1
       1
       0
       1
       0
       0
       2
       1
       0
       0
       1
       0
       0
       0
       1
       0
       2
       0
       0
       0
       1
       1
       0
       0
       0
       2
       1
       0
       1
       0
       0
       1
       1
       0
       2
       0
       0
       0
       0
       0
       2
       0
       1
       1
       0
       0
       0
       0
       1
       1
       2
       0
       0
       1
       0
       0
       0
       0
       1
       1
       0
       0
       0
       1
       0
       0
       0
       1
       1
       2
       2
       0
       1
       1
       1
       1
       0
       2
       0
       1
       1
       0
       0
       0
       3
       0
       0
       0
       2
       1
       0
       0
       1
       1
       1
       0
       0
       1
       1
       0
       0
       1
       0
       1
       0
       0
       1
       0
       0
       0
       0
       0
       1
       2
       1
       0
       1
       1
       2
       0
       1
       0
       0
       1
       0
       1
       1
       1
       0
       0
       0
       0
       0
       2
       1
       0
       1
       1
       0
       1
       1
       0
       1
       0
       0
       2
       0
       0
       0
       0
       0
       2
       1
       0
       0
       1
       0
       0
       2
       0
       0
       0
       1
       0
       0
       0
       0
       0
       0
       0
       0
       1
       0
       0
       0
       1
       0
       0
       0
       1
       0
       0
       1
       0
       1
       1
       0
       0
       1
       0
       1
       1
       0
       1
       1
       0
       1
       0
       1
       0
       0
       1
       0
       0
       0
       0
       0
       0
       1
       0
       1
       0
       2
       1
       1
       0
       1
       0
       0
       0
       1
       0
       0
       0
       2
       0
       1
       0
       0
       0
       0
       0
       2
       0
       0
       1
       0
       0
       0
       0
       1
       1
       0
       1
       0
       1
       0
       0
       0
       1
       2
       0
       0
       1
       0
       0
       0
       0
       0
       0
       1
       1
       1
       1
       0
       1
       0
       1
       3
       1
       0
       1
       0
       1
       0
       0
       0
       0
       1
       1
       1
       0
       0
       1
       0
       0
       2
       0
       1
       1
       1
       0
       0
       0
       0
       1
       0
       0
       0
       1
       0
       0
       0
       1
       0
       0
       0
       0
       2
       0
       3
       0
       0
       0
       0
       1
       0
       1
       0
       1
       0
       0
       1
       1
       0
       0
       0
       0
       1
       0
       0
       0
       0
       1
       0
       0
       0
       1
       1
       1
       1
       0
       0
       0
       0
       1
       1
       0
       0
       1
       0
       0
       0
       1
       0
       0
       1
       0
       0
       0
       2
       2
       0
       1
       0
       2
       0
       2
       0
       1
       0
       0
       0
       0
       0
       0
       0
       0
       1
       0
       0
       0
       0
       0
       1
       1
       2
       0
       0
       0
       0
       1
       0
       2
       1
       0
       0
       0
       2
       1
       1
       1
       1
       1
       2
       0
       0
       2
       1
       0
       1
       4
       2
       0
       0
       2
       1
       1
       0
       2
       0
       0
       3
       1
       0
       1
       0
       0
       2
       0
       1
       0
       0
       0
       0
       0
       1
       0
       0
       0
       1
       0
       0
       0
       0
       1
       1
       0
       1
       0
       1
       0
       0
       0
       1
       0
       1
       3
       0
       0
       0
       0
       0
       1
       0
       0
       0
       1
       0
       1
       0
       1
       0
       0
       1
       2
       0
       0
       1
       0
       0
       1
       0
       0
       0
       0
       0
       0
       0
       1
       0
       1
       1
       1
       0
       0
       0
       0
       0
       0
       1
       0
       0
       0
       1
       0
       0
       0
       0
       1
       0
       0
       0
       0
       0
       1
       0
       0
       1
       0
       0
       0
       0
       0
       1
       1
       0
       0
       0
       0
       0
       2
       0
       0
       0
       0
       1
       0
       0
       1
       1
       1
       0
       0
       2
       1
       0
       0
       0
       0
       0
       0
       0
       2
       0
       0
       2
       0
       0
       0
       0
       0
       0
       1
       0
       0
       1
       1
       1
       1
       0
       1
       1
       0
       1
       0
       1
       0
       0
       0
       0
       0
       0
       0
       1
       0
       1
       0
       0
       0
       1
       0
       1
       0
       1
       1
       0
       0
       0
       0
       1
       0
       0
       0
       1
       0
       0
       0
       0
       0
       0
       0
       0
       1
       0
       0
       0
       2
       0
       1
       0
       0
       2
       0
       0
       1
       0
       0
       0
       0
       0
       0
       0
       0
       1
       0
       1
       0
       0
       0
       0
       0
       0
       0
       0
       0
       0
       0
       1
       0
       0
       0
       0
       0
       0
       1
       0
       1
       0
       0
       0
       0
       1
       0
       0
       0
       1
       0
       0
       0
       1
       0
       1
       0
       0
       0
       0
       0
       0
       1
       1
       0
       1
       1
       0
       0
       2
       1
       0
       1
       1
       0
       0
       0
       1
       0
       0
       0
       0
       0
       1
       0
       1
       0
       0
       0
       0
       0
       0
       0
       0
       0
       3
       0
       2
       0
       1
       0
       0
       0
       0
       1
       0
       0
       1
       0
       2
       3
       1
       1
       1
       1
       0
       1
       0
       2
       0
       0
       0
       1
       0
       1
       0
       0
       1
       0
       0
       0
       1
       0
       0
       1
       1
       0
       1
       0
       0
       0
       0
       1
       1
       1
       0
       1
       0
       0
       2
       1
       0
       1
       0
       1
       1
       0
       0
       0
       0
       0
       1
       0
       0
       0
       0
       0
       0
       1
       0
       0
       0
       0
       0
       1
       0
       0
       0
       0
       0
       0
       0
       0
       0
       1
       0
       1
       0
       0
       0
       0
       2
       0
       0
       0
       0
       1
       1
       0
       0
       0
       0
       0
       0
       2
       1
       0
       1
       1
       0
       0
       0
       0
       1
       0
       0
       0
       0
       0
       1
       0
       0
       1
       0
       1
       1
       0
       0
       0
       0
       0
       1
       1
       1
       1
       0
       0
       0
       0
       0
       0
       0
       1
       1
       0
       0
       1
       0
       0
       0
       0
       0
       0
       0
       1
       0
       1
       2
       0
       0
       0
       0
       0
       0
       0
       0
       0
       0
       0
       0
       0
       0
       0
       0
       0
       1
       0
       1
       1
       1
       0
       0
       0
       0
       0
       0
       0
       0
       1
       2
       0
       0
       1
       1
       0
       1
       0
       0
       0
       3
       1
       1
       1
       1
       1
       0
       0
       0
       0
       0
       0
       1
       0
       2
       0
       0
       0
       2
       0
       0
       1
       0
       0
       0
       0
       0
       0
       1
       0
       0
       0
       0
       0
       0
       0
       0
       0
       0
       0
       0
       0
       0
       0
       0
       1
       0
       0
       0
       0
       0
       0
       0
       0
       1
       0
       0
       0
       0
       0
       1
       1
       0
       0
       0
       0
       0
       0
       0
       0
       0
       0
       1
       0
       0
       0
       2
       1
       0
       0
       0
       0
       0
       0
       0
       2
       0
       0
       0
       0
       0
       0
       0
       0
       0
       1
       0
       0
       0
       0
       0
       0
       3
       3
       0
       0
       0
       0
       0
       0
       2
       0
       0
       1
       0
       0
       1
       0
       0
       1
       1
       1
       1
       1
       0
       0
       0
       1
       0
       1
       0
       1
       1
       0
       1
       0
       0
       0
       2
       0
       1
       1
       0
       1
       0
       1
       0
       1
       1
       0
       0
       0
       0
       0
       0
       1
       0
       1
       0
       0
       0
       0
       0
       0
       5
       1
       0
       0
       0
       0
       0
       0
       1
       1
       1
       0
       0
       0
       2
       0
       0
       0
       0
       1
       2
       0
       1
       1
       1
       0
       1
       0
       1
       0
       1
       1
       0
       0
       1
       0
       1
       0
       1
       0
       0
       1
       1
       1
       0
       0
       0
       0
       3
       0
       1
       0
       0
       0
       1
       0
       0
       0
       0
       0
       1
       0
       0
       0
       2
       0
       0
       0
       0
       0
       0
       1
       0
       0
       0
       0
       1
       1
       0
       2
       0
       0
       0
       0
       0
       0
       0
       0
       1
       0
       1
       0
       0
       0
       0
       0
       0
       0
       0
       1
       2
       1
       0
       0
       0
       0
       1
       1
       1
       1
       0
       0
       0
       0
       0
       0
       0
       0
       1
       0
       1
       1
       0
       0
       0
       0
       0
       1
       1
       1
       0
       1
       0
       0
       0
       1
       0
       2
       0
       0
       0
       1
       0
       1
       0
       1
       1
       1
       0
       1
       0
       0
       0
       0
       0
       1
       1
       0
       0
       0
       0
       0
       0
       1
       0
       1
       0
       1
       1
       0
       0
       0
       0
       0
       0
       0
       0
       0
       0
       0
       0
       0
       0
       0
       0
       0
       1
       0
       0
       0
       0
       0
       0
       1
       0
       0
       0
       1
       0
       1
       0
       0
       0
       0
       0
       0
       0
       0
       0
       0
       0
       0
       0
       0
       0
       0
       0
       0
       0
       0
       0
       0
       0
       0
       1
       0
       0
       0
       0
       1
       1
       0
       0
       0
       0
       0
       0
       0
       0
       0
       1
       0
       0
       1
       0
       0
       1
       0
       1
       0
       1
       0
       0
       1
       0
       1
       0
       0
       0
       0
       1
       0
       0
       0
       0
       0
       0
       0
       2
       1
       1
       0
       2
       0
       0
       0
       0
       0
       0
       0
       0
       1
       0
       0
       0
       0
       0
       0
       0
       1
       0
       0
       0
       0
       0
       0
       0
       0
       0
       0
       0
       0
       2
       0
       0
       1
       1
       0
       0
       0
       1
       0
       0
       0
       0
       0
       1
       0
       0
       0
       0
       0
       0
       0
       0
       0
       0
       0
       0
       0
       0
       0
       1
       1
       0
       1
       0
       0
       0
       3
       0
       0
       0
       0
       2
       1
       0
       1
       0
       0
       0
       0
       1
       0
       0
       0
       1
       0
       1
       0
       2
       0
       0
       0
       0
       0
       1
       0
       0
       0
       0
       0
       0
       1
       0
       0
       1
       0
       2
       0
       0
       0
       0
       0
       0
       0
       1
       2
       0
       0
       1
       0
       0
       1
       2
       2
       0
       0
       0
       1
       1
       0
       0
       2
       1
       0
       0
       0
       0
       0
       0
       1
       0
       0
       0
       1
       0
       1
       1
       0
       0
       1
       2
       0
       0
       0
       1
       0
       1
       0
       1
       0
       1
       0
       1
       1
       0
       0
       0
       0
       1
       0
       0
       0
       0
       0
       0
       0
       0
       0
       0
       1
       0
       1
       1
       0
       1
       0
       0
       0
       0
       1
       1
       0
       0
       0
       0
       0
       0
       0
       0
       1
       0
       0
       0
       0
       0
       0
       0
       0
       0
       0
       1
       0
       0
       0
       0
       0
       0
       0
       0
       0
       0
       0
       0
       0
       0
       0
       0
       0
       0
       0
       0
       1
       1
       0
       0
       0
       0
       0
       0
       0
       1
       0
       0
       0
       0
       0
       0
       0
       0
       0
       0
       0
       0
       0
       0
       0
       0
       0
       0
       0
       0
       0
       0
       0
       0
       0
       0
       0
       0
       0
       0
       0
       0
       0
       0
       0
       0
       0
       0
       0
       0
       0
       0
       0
       0
       0
       0
       0
       0
       0
       0
       0
       0
       0
       0
       0
       0
       0
       0
       0
       0
       0
       0
       0
       0
       0
       0
       0
       0
       0
       0
       0
       0
       0
       0
       0
       0
       0
       0
       0
       0
       0
       0
       0
       0
       0
       0
       0
       0
       0
       0
       0
       0
       0
       0
       0
       0
       0
       0
       0
       0
       0
       0
       0
       0
       0
       0
       0
       0
       0
       0
       0
       0
       0
       0
       0
       0
       0
       0
       0
       0
       0
       0
       0
       0
       0
       0
       0
       0
       0
       0
       0
       0
       0
       0
       0
       0
       0
       0
       0
       0
       0
       0
       0
       0
       0
       0
       0
       0
       0
       0
       0
       0
       0
       0
       0
       0
       0
       0
       0
       0
       0
       0
       0
       0
       0
       0
       0
       0
       0
       0
       0
       0
       0
       0
       0
       0
       0
       0
       0
       0
       0
       0
       0
       1
       0
       0
       0
       0
       0
       0
       0
       0
       0
       0
       0
       0
       0
       0
       0
       0
       0
       0
       1
       0
       0
       0
       0
       0
       0
       0
       0
       0
       0
       0
       0
       0
       0
       0
       0
       0
       0
       0
       0
       0
       0
       0
       0
       0
       0
       0
       0
       0
       0
       0
       0
       0
       0
       1
       0
       0
       0
       0
       0
       0
       0
       0
       0
       0
       0
       0
       0
       0
       0
       0
       0
       0
       0
       0
       0
       0
       0
       0
       0
       0
       0
       0
       0
       0
       0
       0
       0
       0
       0
       1
       0
       0
       0
       0
       0
       0
       0
       0
       0
       0
       0
       0
       0
       0
       0
       0
       0
       0
       0
       0
       0
       0
       0
       0
       0
       0
       0
       0
       0
       0
       1
       0
       0
       0
       0
       0
       0
       0
       0
       0
       0
       0
       0
       0
       0
       0
       0
       0
       0
       1
       0
       0
       0
       0
       0
       0
       0
       0
       0
       0
       0
       0
       0
       0
       0
       0
       0
       0
       0
       0
       0
       0
       0
       0
       0
       0
       0
       0
       0
       0
       0
       0
       0
       0
       0
       0
       0
       0
       0
       0
       0
       0
       0
       0
       0
       0
       0
       0
       0
       0
       0
       0
       0
       0
       0
       0
       0
       0
       0
       0
       0
       0
       0
       0
       0
       0
       0
       0
       0
       0
       0
       0
       0
       1
       0
       0
       0
       0
       0
       0
       0
       0
       0
       1
       0
       0
       0
       0
       0
       0
       0
       0
       0
       0
       0
       0
       0
       0
       0
       0
       0
       0
       0
       0
       0
       0
       0
       0
       0
       0
       0
       0
       0
       0
       0
       0
       0
       0
       0
       0
       0
       0
       0
       0
       0
       0
       0
       1
       0
       0
       0
       0
       0
       0
       0
       0
       0
       0
       0
       0
       0
       0
       0
       0
       0
       0
       0
       0
       0
       0
       0
       0
       0
       0
       0
       0
       0
       0
       0
       0
       0
       0
       0
       0
       0
       0
       0
       0
       0
       0
       0
       0
       0
       0
       0
       0
       0
       0
       1
       0
       0
       0
       0
       0
       0
       0
       0
       0
       0
       0
       0
       0
       0
       0
       0
       0
       0
       0
       1
       0
       0
       0
       0
       0
       0
       0
       0
       0
       0
       0
       0
       0
       0
       0
       0
       0
       0
       0
       0
       0
       0
       0
       0
       0
       0
       0
       0
       0
       0
       0
       0
       0
       0
       0
       0
       0
       0
       0
       0
       0
       0
       0
       0
       0
       0
       0
       0
       0
       0
       0
       0
       0
       0
       0
       0
       0
       0
       1
       0
       0
       0
       1
       0
       0
       0
       0
       0
       0
       0
       0
       0
       0
       0
       0
       0
       0
       0
       0
       0
       0
       0
       0
       0
       0
       0
       0
       0
       0
       0
       0
       0
       0
       0
       0
       0
       0
       0
       0
       0
       0
       0
       0
       0
       0
       0
       0
       0
       0
       0
       0
       0
       0
       0
       0
       0
       0
       0
       0
       1
       0
       0
       0
       0
       0
       0
       0
       0
       0
       0
       0
       1
       0
       0
       0
       0
       0
       0
       0
       0
       0
       0
       0
       1
       0
       0
       0
       1
       0
       0
       0
       0
       0
       0
       0
       0
       0
       0
       0
       0
       0
       1
       0
       0
       0
       0
       0
       0
       0
       0
       0
       0
       0
       0
       0
       0
       1
       0
       0
       0
       0
       0
       0
       0
       0
       0
       0
       0
       0
       0
       0
       0
       0
       0
       0
       0
       0
       0
       0
       0
       0
       0
       0
       0
       0
       0
       0
       0
       0
       0
       0
       0
       0
       0
       0
       0
       0
       0
       0
       0
       0
       0
       0
       0
       0
       0
       0
       0
       0
       0
       0
       0
       0
       0
       0
       0
       0
       0
       0
       0
       0
       0
       0
       0
       0
       0
       0
       0
       0
       1
       0
       0
       0
       0
       0
       0
       0
       0
       0
       0
       0
       0
       0
       0
       0
       0
       0
       0
       0
       0
       0
       0
       0
       0
       0
       0
       0
       0
       0
       0
       0
       0
       0
       0
       0
       0
       0
       0
       1
       0
       0
       0
       0
       0
       0
       0
       0
       0
       0
       0
       1
       0
       0
       0
       0
       0
       0
       0
       0
       0
       1
       0
       0
       0
       0
       0
       0
       0
       0
       0
       0
       0
       0
       0
       0
       0
       0
       0
       0
       0
       0
       0
       0
       0
       0
       0
       0
       0
       0
       0
       0
       0
       0
       0
       0
       0
       0
       0
       0
       0
       0
       0
       0
       0
       0
       0
       0
       0
       0
       0
       0
       0
       0
       0
       0
       0
       0
       0
       0
       0
       0
       0
       0
       2
       0
       0
       0
       1
       0
       0
       0
       0
       0
       0
       0
       0
       0
       0
       0
       0
       0
       0
       0
       2
       0
       0
       0
       0
       0
       0
       0
       0
       0
       0
       0
       0
       0
       1
       1
       0
       1
       0
       0
       0
       0
       0
       0
       1
       0
       0
       0
       0
       0
       0
       0
       0
       0
       0
       0
       0
       0
       0
       0
       0
       0
       1
       0
       1
       0
       0
       0
       1
       0
       0
       0
       0
       0
       0
       0
       0
       0
       0
       0
       0
       0
       0
       0
       0
       1
       0
       0
       0
       1
       1
       0
       0
       0
       1
       0
       0
       0
       0
       0
       0
       0
       1
       0
       1
       0
       2
       0
       0
       0
       1
       0
       0
       0
       0
       0
       1
       0
       1
       1
       0
       0
       0
       0
       0
       0
       0
       0
       0
       0
       0
       0
       0
       0
       0
       0
       1
       1
       0
       0
       0
       0
       0
       1
       1
       0
       0
       0
       0
       0
       0
       0
       1
       1
       0
       1
       0
       0
       0
       0
       1
       1
       0
       0
       0
       1
       2
       0
       0
       0
       0
       0
       0
       0
       0
       1
       0
       1
       0
       0
       1
       0
       0
       0
       0
       0
       0
       0
       0
       0
       0
       0
       0
       0
       0
       0
       0
       0
       0
       0
       0
       0
       0
       2
       1
       0
       0
       0
       0
       0
       0
       0
       1
       0
       0
       0
       0
       0
       0
       0
       0
       0
       0
       1
       1
       0
       0
       0
       0
       0
       0
       0
       1
       0
       0
       0
       0
       1
       1
       0
       0
       0
       0
       0
       0
       0
       0
       0
       0
       0
       2
       0
       0
       1
       0
       0
       0
       0
       1
       0
       0
       0
       0
       0
       0
       0
       0
       0
       0
       0
       0
       0
       0
       0
       0
       0
       0
       0
       0
       0
       0
       1
       0
       0
       0
       0
       0
       0
       0
       0
       0
       0
       0
       0
       0
       0
       0
       0
       0
       0
       0
       0
       0
       0
       0
       0
       0
       0
       0
       0
       0
       0
       0
       0
       0
       0
       0
       0
       0
       0
       0
       0
       0
       0
       0
       0
       0
       0
       0
       0
       0
       0
       0
       0
       0
       0
       0
       0
       0
       0
       0
       0
       0
       0
       0
       0
       0
       0
       0
       0
       0
       0
       0
       0
       0
       0
       0
       0
       0
       0
       0
       0
       0
       0
       0
       1
       0
       0
       0
       0
       0
       0
       0
       0
       0
       0
       0
       0
       0
       0
       0
       0
       0
       0
       0
       0
       0
       0
       0
       0
       0
       0
       1
       0
       1
       0
       0
       0
       0
       0
       0
       0
       0
       0
       0
       0
       0
       0
       0
       0
       0
       0
       0
       0
       0
       0
       0
       0
       0
       0
       0
       0
       0
       0
       0
       0
       0
       0
       0
       0
       0
       0
       0
       0
       0
       0
       0
       0
       0
       0
       0
       0
       0
       0
       0
       0
       0
       0
       0
       0
       0
       0
       0
       0
       0
       0
       0
       0
       0
       0
       0
       0
       0
       0
       0
       0
       0
       0
       0
       0
       0
       0
       0
       0
       0
       0
       0
       0
       0
       0
       0
       0
       0
       0
       0
       0
       0
       0
       0
       0
       0
       0
       0
       0
       0
       0
       0
       0
       0
       0
       0
       0
       0
       0
       0
       0
       0
       0
       0
       0
       0
       0
       0
       0
       0
       0
       0
       0
       0
       0
       0
       0
       0
       0
       0
       0
       0
       0
       0
       0
       0
       0
       0
       0
       0
       0
       0
       0
       0
       0
       0
       0
       0
       0
       0
       0
       0
       0
       0
       0
       0
       0
       0
       0
       0
       0
       0
       0
       0
       0
       0
       0
       0
       0
       0
       0
       0
       0
       0
       0
       0
       0
       0
       0
       0
       0
       0
       0
       0
       0
       0
       0
       0
       0
       0
       0
       0
       0
       0
       0
       0
       0
       0
       0
       0
       0
       0
       0
       0
       0
       0
       0
       0
       0
       0
       0
       0
       0
       0
       0
       0
       0
       0
       0
       0
       0
       0
       0
       0
       0
       0
       0
       0
       0
       0
       0
       0
       0
       0
       0
       0
       0
       0
       0
       0
       0
       0
       0
       0
       0
       0
       0
       0
       0
       0
       0
       0
       0
       0
       0
       0
       0
       0
       0
       0
       0
       0
       0
       0
       0
       0
       0
       0
       0
       0
       0
       0
       0
       0
       0
       0
       0
       0
       0
       0
       0
       0
       0
       0
       0
       0
       0
       0
       0
       0
       0
       0
       0
       0
       0
       0
       0
       0
       0
       0
       0
       0
       0
       0
       0
       0
       0
       0
       0
       0
       0
       0
       0
       0
       0
       0
       0
       0
       0
       0
       0
       0
       0
       0
       0
       0
       0
       0
       0
       0
       0
       0
       0
       0
       0
       0
       0
       0
       0
       0
       0
       0
       0
       0
       0
       0
       0
       0
       0
       0
       0
       0
       0
       0
       0
       0
       0
       0
       0
       0
       0
       0
       0
       0
       0
       0
       0
       0
       0
       0
       0
       0
       0
       0
       0
       0
       0
       0
       0
       0
       0
       0
       0
       0
       0
       0
       0
       0
       0
       0
       0
       0
       0
       0
       0
       0
       0
       0
       0
       0
       0
       0
       0
       0
       0
       0
       0
       0
       0
       0
       0
       0
       0
       0
       0
       0
       0
       0
       0
       0
       0
       0
       0
       0
       0
       0
       0
       0
       0
       0
       0
       0
       0
       0
       0
       0
       0
       0
       0
       0
       0
       0
       0
       0
       0
       0
       0
       0
       0
       0
       0
       0
       0
       0
       0
       0
       0
       0
       0
       0
       0
       0
       0
       0
       0
       0
       0
       0
       0
       0
       0
       0
       0
       0
       0
       0
       0
       0
       0
       0
       0
       0
       0
       0
       0
       0
       0
       0
       0
       0
       0
       0
       0
       0
       0
       0
       0
       0
       0
       0
       0
       0
       0
       0
       0
       0
       0
       0
       0
       0
       0
       0
       0
       0
       0
       0
       0
       0
       0
       0
       0
       0
       0
       0
       0
       0
       0
       0
       0
       0
       0
       0
       0
       0
       0
       0
       0
       0
       0
       0
       0
       0
       0
       0
       0
       0
       0
       0
       0
       0
       0
       0
       0
       0
       0
       0
       0
       0
       0
       0
       0
       0
       0
       0
       0
       0
       0
       0
       0
       0
       0
       0
       0
       0
       0
       0
       0
       0
       0
       0
       0
       0
       0
       0
       0
       0
       0
       0
       0
       0
       0
       0
       0
       0
       0
       0
       0
       0
       0
       0
       0
       0
       0
       0
       0
       0
       0
       0
       0
       0
       0
       0
       0
       0
       0
       0
       0
       0
       0
       0
       0
       0
       0
       0
       0
       0
       0
       0
       0
       0
       0
       0
       0
       0
       0
       0
       0
       0
       0
       0
       0
       0
       0
       0
       0
       0
       0
       0
       0
       0
       0
       0
       0
       0
       0
       0
       0
       0
       0
       0
       0
       0
       0
       0
       0
       0
       0
       0
       0
       0
       0
       0
       0
       0
       0
       0
       0
       0
       0
       0
       0
       0
       0
       0
       0
       0
       0
       0
       0
       0
       0
       0
       0
       0
       0
       0
       0
       0
       0
       0
       0
       0
       0
       0
       0
       0
       0
       0
       0
       0
       0
       0
       0
       0
       0
       0
       0
       0
       0
       0
       0
       0
       0
       0
       0
       0
       0
       0
       0
       0
       0
       0
       0
       0
       0
       0
       0
       0
       0
       0
       0
       0
       0
       0
       0
       0
       0
       0
       0
       0
       0
       0
       0
       0
       0
       0
       0
       0
       0
       0
       0
       0
       0
       0
       0
       0
       0
       0
       0
       0
       0
       0
       0
       0
       0
       0
       0
       0
       0
       0
       0
       0
       0
       0
       0
       0
       0
       0
       0
       0
       0
       0
       0
       0
       0
       0
       0
       0
       0
       0
       0
       0
       0
       0
       0
       0
       0
       0
       0
       0
       0
       0
       0
       0
       0
       0
       0
       0
       0
       0
       0
       0
       0
       0
       0
       0
       0
       0
       0
       0
       0
       0
       0
       0
       0
       0
       0
       0
       0
       0
       0
       0
       0
       0
       0
       0
       0
       0
       0
       0
       0
       0
       0
       0
       0
       0
       0
       0
       0
       0
       0
       0
       0
       0
       0
       0
       0
       0
       0
       0
       0
       0
       0
       0
       0
       0
       0
       0
       0
       0
       0
       0
       0
       0
       0
       0
       0
       0
       0
       0
       0
       0
       0
       0
       0
       0
       0
       0
       0
       0
       0
       0
       0
       0
       0
       0
       0
       0
       0
       0
       0
       0
       0
       0
       0
       0
       0
       0
       0
       0
       0
       0
       0
       0
       0
       0
       0
       0
       0
       0
       0
       0
       0
       0
       0
       0
       0
       0
       0
       0
       0
       0
       0
       0
       0
       0
       0
       0
       0
       0
       0
       0
       0
       0
       0
       0
       0
       0
       0
       0
       0
       0
       0
       0
       0
       0
       0
       0
       0
       0
       0
       0
       0
       0
       0
       0
       0
       0
       0
       0
       0
       0
       0
       0
       0
       0
       0
       0
       0
       0
       0
       0
       0
       0
       0
       0
       0
       0
       0
       0
       0
       0
       0
       0
       0
       0
       0
       0
       0
       0
       0
       0
       0
       0
       0
       0
       0
       0
       0
       0
       0
       0
       0
       0
       0
       0
       0
       0
       0
       0
       0
       0
       0
       0
       0
       0
       0
       0
       0
       0
       0
       0
       0
       0
       0
       0
       0
       0
       0
       0
       0
       0
       0
       0
       0
       0
       0
       0
       0
       0
       0
       0
       0
       0
       0
       0
       0
       0
       0
       0
       0
       0
       0
       0
       0
       0
       0
       0
       0
       0
       0
       0
       0
       0
       0
       0
       0
       0
       0
       0
       0
       0
       0
       0
       0
       0
       0
       0
       0
       0
       0
       0
       0
       0
       0
       0
       0
       0
       0
       0
       0
       0
       0
       0
       0
       0
       0
       0
       0
       0
       0
       0
       0
       0
       0
       0
       0
       0
       0
       0
       0
       0
       0
       0
       0
       0
       0
       0
       0
       0
       0
       0
       0
       0
       0
       0
       0
       0
       0
       0
       0
       0
       0
       0
       0
       0
       0
       0
       0
       0
       0
       0
       0
       0
       0
       0
       0
       0
       0
       0
       0
       0
       0
       0
       0
       0
       0
       0
       0
       0
       0
       0
       0
       0
       0
       0
       0
       0
       0
       0
       0
       0
       0
       0
       0
       0
       0
       0
       0
       0
       0
       0
       0
       0
       0
       0
       0
       0
       0
       0
       0
       0
       0
       0
       0
       0
       0
       0
       0
       0
       0
       0
       0
       0
       0
       0
       0
       0
       0
       0
       0
       0
       0
       0
       0
       0
       0
       0
       0
       0
       0
       0
       0
       0
       0
       0
       0
       0
       0
       0
       0
       0
       0
       0
       0
       0
       0
       0
       0
       0
       0
       0
       0
       0
       0
       0
       0
       0
       0
       0
       0
       0
       0
       0
       0
       0
       0
       0
       0
       0
       0
       0
       0
       0
       0
       0
       0
       0
       0
       0
       0
       0
       0
       0
       0
       0
       0
       0
       0
       0
       0
       0
       0
       0
       0
       0
       0
       0
       0
       0
       0
       0
       0
       0
       0
       0
       0
       0
       0
       0
       0
       0
       0
       0
       0
       0
       0
       0
       0
       0
       0
       0
       0
       0
       0
       0
       0
       0
       0
       0
       0
       0
       0
       0
       0
       0
       0
       0
       0
       0
       0
       0
       0
       0
       0
       0
       0
       0
       0
       0
       0
       0
       0
       0
       0
       0
       0
       0
       0
       0
       0
       0
       0
       0
       0
       0
       0
       0
       0
       0
       0
       0
       0
       0
       0
       0
       0
       0
       0
       0
       0
       0
       0
       0
       0
       0
       0
       0
       0
       0
       0
       0
       0
       0
       0
       0
       0
       0
       0
       0
       0
       0
       0
       0
       0
       0
       0
       0
       0
       0
       0
       0
       0
       0
       0
       0
       0
       0
       0
       0
       0
       0
       0
       0
       0
       0
       0
       0
       0
       0
       0
       0
       0
       0
       0
       0
       0
       0
       0
       0
       0
       0
       0
       0
       0
       0
       0
       0
       0
       0
       0
       0
       0
       0
       0
       0
       0
       0
       0
       0
       0
       0
       0
       0
       0
       0
       0
       0
       0
       0
       0
       0
       0
       0
       0
       0
       0
       0
       0
       0
       0
       0
       0
       0
       0
       0
       0
       0
       0
       0
       0
       0
       0
       0
       0
       0
       0
       0
       0
       0
       0
       0
       0
       0
       0
       0
       0
       0
       0
       0
       0
       0
       0
       0
       0
       0
       0
       0
       0
       0
       0
       0
       0
       0
       0
       0
       0
       0
       0
       0
       0
       0
       0
       0
       0
       0
       0
       0
       0
       0
       0
       0
       0
       0
       0
       0
       0
       0
       0
       0
       0
       0
       0
       0
       0
       0
       0
       0
       0
       0
       0
       0
       0
       0
       0
       0
       0
       0
       0
       0
       0
       0
       0
       0
       0
       0
       0
       0
       0
       0
       0
       0
       0
       0
       0
       0
       0
       0
       0
       0
       0
       0
       0
       0
       0
       0
       0
       0
       0
       0
       0
       0
       0
       0
       0
       0
       0
       0
       0
       0
       0
       0
       0
       0
       0
       0
       0
       0
       0
       0
       0
       0
       0
       0
       0
       0
       0
       0
       0
       0
       0
       0
       0
       0
       0
       0
       0
       0
       0
       0
       0
       0
       0
       0
       0
       0
       0
       0
       0
       0
       0
       0
       0
       0
       0
       0
       0
       0
       0
       0
       0
       0
       0
       0
       0
       0
       0
       0
       0
       0
       0
       0
       0
       0
       0
       0
       0
       0
       0
       0
       0
       0
       0
       0
       0
       0
       0
       0
       0
       0
       0
       0
       0
       0
       0
       0
       0
       0
       0
       0
       0
       0
       0
       0
       0
       0
       0
       0
       0
       0
       0
       0
       0
       0
       0
       0
       0
       0
       0
       0
       0
       0
       0
       0
       0
       0
       0
       0
       0
       0
       0
       0
       0
       0
       0
       0
       0
       0
       0
       0
       0
       0
       0
       0
       0
       0
       0
       0
       0
       0
       0
       0
       0
       0
       0
       0
       0
       0
       0
       0
       0
       0
       0
       0
       0
       0
       0
       0
       0
       0
       0
       0
       0
       0
       0
       0
       0
       0
       0
       0
       0
       0
       0
       0
       0
       0
       0
       0
       0
       0
       0
       0
       0
       0
       0
       0
       0
       0
       0
       0
       0
       0
       0
       0
       0
       0
       0
       0
       0
       0
       0
       0
       0
       0
       0
       0
       0
       0
       0
       0
       0
       0
       0
       0
       0
       0
       0
       0
       0
       0
       0
       0
       0
       0
       0
       0
       0
       0
       0
       0
       0
       0
       0
       0
       0
       0
       0
       0
       0
       0
       0
       0
       0
       0
       0
       0
       0
       0
       0
       0
       0
       0
       0
       0
       0
       0
       0
       0
       0
       0
       0
       0
       0
       0
       0
       0
       0
       0
       0
       0
       0
       0
       0
       0
       0
       0
       0
       0
       0
       0
       0
       0
       0
       0
       0
       0
       0
       0
       0
       0
       0
       0
       0
       0
       0
       0
       0
       0
       0
       0
       0
       0
       0
       0
       0
       0
       0
       0
       0
       0
       0
       0
       0
       0
       0
       0
       0
       0
       0
       0
       0
       0
       0
       0
       0
       0
       0
       0
       0
       0
       0
       0
       0
       0
       0
       0
       0
       0
       0
       0
       0
       0
       0
       0
       0
       0
       0
       0
       0
       0
       0
       0
       0
       0
       0
       0
       0
       0
       0
       0
       0
       0
       0
       0
       0
       0
       0
       0
       0
       0
       0
       0
       0
       0
       0
       0
       0
       0
       0
       0
       0
       0
       0
       0
       0
       0
       0
       0
       0
       0
       0
       0
       0
       0
       0
       0
       0
       0
       0
       0
       0
       0
       0
       0
       0
       0
       0
       0
       0
       0
       0
       0
       0
       0
       0
       0
       0
       0
       0
       0
       0
       0
       0
       0
       0
       0
       0
       0
       0
       0
       0
       0
       0
       0
       0
       0
       0
       0
       0
       0
       0
       0
       0
       0
       0
       0
       0
       0
       0
       0
       0
       0
       0
       0
       0
       0
       0
       0
       0
       0
       0
       0
       0
       0
       0
       0
       0
       0
       0
       0
       0
       0
       0
       0
       0
       0
       0
       0
       0
       0
       0
       0
       0
       0
       0
       0
       0
       0
       0
       0
       0
       0
       0
       0
       0
       0
       0
       0
       0
       0
       0
       0
       0
       0
       0
       0
       0
       0
       0
       0
       0
       0
       0
       0
       0
       0
       0
       0
       0
       0
       0
       0
       0
       0
       0
       0
       0
       0
       0
       0
       0
       0
       0
       0
       0
       0
       0
       0
       0
       0
       0
       0
       0
       0
       0
       0
       0
       0
       0
       0
       0
       0
       0
       0
       0
       0
       0
       0
       0
       0
       0
       0
       0
       0
       0
       0
       0
       0
       0
       0
       0
       0
       0
       0
       0
       0
       0
       0
       0
       0
       0
       0
       0
       0
       0
       0
       0
       0
       0
       0
       0
       0
       0
       0
       0
       0
       0
       0
       0
       0
       0
       0
       0
       0
       0
       0
       0
       0
       0
       0
       0
       0
       0
       0
       0
       0
       0
       0
       0
       0
       0
       0
       0
       0
       0
       0
       0
       0
       0
       0
       0
       0
       0
       0
       0
       0
       0
       0
       0
       0
       0
       0
       0
       0
       0
       0
       0
       0
       0
       0
       0
       0
       0
       0
       0
       0
       0
       0
       0
       0
       0
       0
       0
       0
       0
       0
       0
       0
       0
       0
       0
       0
       0
       0
       0
       0
       0
       0
       0
       0
       0
       0
       0
       0
       0
       0
       0
       0
       0
       0
       0
       0
       0
       0
       0
       0
       0
       0
       0
       0
       0
       0
       0
       0
       0
       0
       0
       0
       0
       0
       0
       0
       0
       0
       0
       0
       0
       0
       0
       0
       0
       0
       0
       0
       0
       0
       0
       0
       0
       0
       0
       0
       0
       0
       0
       0
       0
       0
       0
       0
       0
       0
       0
       0
       0
       0
       0
       0
       0
       0
       0
       0
       0
       0
       0
       0
       0
       0
       0
       0
       0
       0
       0
       0
       0
       0
       0
       0
       0
       0
       0
       0
       0
       0
       0
       0
       0
       0
       0
       0
       0
       0
       0
       0
       0
       0
       0
       0
       0
       0
       0
       0
       0
       0
       0
       0
       0
       0
       0
       0
       0
       0
       0
       0
       0
       0
       0
       0
       0
       0
       0
       0
       0
       0
       0
       0
       0
       0
       0
       0
       0
       0
       0
       0
       0
       0
       0
       0
       0
       0
       0
       0
       0
       0
       0
       0
       0
       0
       0
       0
       0
       0
       0
       0
       0
       0
       0
       0
       0
       0
       0
       0
       0
       0
       0
       0
       0
       0
       0
       0
       0
       0
       0
       0
       0
       0
       0
       0
       0
       0
       0
       0
       0
       0
       0
       0
       0
       0
       0
       0
       0
       0
       0
       0
       0
       0
       0
       0
       0
       0
       0
       0
       0
       0
       0
       0
       0
       0
       0
       0
       0
       0
       0
       0
       0
$ROI:
1
3103 4371
$PRESETS:
Live Time
120
0
$ENER_FIT:
0.000000 0.000000
$MCA_CAL:
3
0.000000E+000 0.000000E+000 0.000000E+000 
$SHAPE_CAL:
3
0.000000E+000 0.000000E+000 0.000000E+000
