$SPEC_ID:
No sample description was entered.
$SPEC_REM:
DET# 1
DETDESC# VP03 MCB 337
AP# Maestro Version 7.01
$DATE_MEA:
01/15/2019 12:37:48
$MEAS_TIM:
120 124
$DATA:
0 8191
       0
       0
       0
       0
       0
       0
       0
       0
       0
       0
       0
       0
       0
       0
       0
       0
       0
       0
       0
       0
       0
       0
       0
       0
       0
       0
       0
       0
       0
       0
       0
       0
       0
       0
       0
       0
       0
       0
       0
       0
       0
       0
       0
       0
       0
       0
       0
       0
       0
       0
       0
       0
       0
       0
       0
       0
       0
       0
       0
       0
       0
       0
       0
       0
       0
       0
       0
       0
       0
       0
       0
       0
       0
       0
       0
       0
       0
       0
       0
       0
       1
       1
       0
       2
       4
      11
      12
      18
      24
      30
      38
      36
      50
      59
      66
      72
      61
      80
      64
      89
      88
      77
     106
      85
      92
     103
     115
      95
      98
     101
      83
     103
      87
     118
     100
     129
     106
     102
     120
     116
      87
     123
     119
     119
     122
     121
     107
     123
     108
     118
     130
     107
     102
     152
     145
     124
     128
     123
     142
     146
     110
     126
     157
     130
     115
     152
     135
     120
     132
     146
     177
     143
     129
     153
     141
     134
     132
     143
     151
     133
     142
     142
     144
     156
     165
     151
     159
     147
     160
     177
     174
     159
     149
     146
     158
     155
     153
     140
     158
     163
     168
     156
     178
     168
     169
     175
     187
     160
     182
     156
     164
     173
     187
     176
     187
     180
     198
     200
     172
     185
     162
     193
     175
     184
     178
     186
     197
     167
     181
     211
     179
     180
     207
     202
     197
     183
     185
     182
     195
     187
     188
     162
     191
     164
     179
     203
     192
     213
     191
     182
     174
     194
     211
     196
     201
     165
     177
     211
     200
     179
     191
     204
     212
     200
     196
     193
     184
     178
     197
     185
     203
     188
     189
     194
     169
     189
     218
     194
     188
     223
     178
     191
     184
     199
     189
     184
     193
     211
     186
     199
     173
     211
     190
     197
     179
     187
     193
     171
     187
     209
     198
     194
     214
     210
     208
     190
     175
     206
     223
     197
     210
     185
     197
     180
     205
     216
     213
     202
     198
     186
     187
     196
     211
     192
     193
     165
     209
     213
     184
     200
     198
     229
     203
     203
     204
     214
     181
     188
     181
     169
     197
     187
     189
     210
     193
     191
     220
     234
     194
     196
     210
     218
     175
     178
     183
     210
     186
     189
     206
     205
     208
     205
     195
     199
     213
     208
     189
     191
     186
     193
     186
     189
     211
     207
     191
     199
     188
     190
     212
     202
     206
     189
     173
     187
     192
     186
     210
     201
     173
     207
     203
     192
     172
     197
     204
     201
     192
     199
     190
     211
     220
     196
     193
     192
     183
     217
     211
     202
     196
     189
     199
     197
     185
     208
     189
     190
     172
     178
     175
     187
     189
     164
     197
     206
     192
     197
     204
     208
     186
     191
     186
     199
     195
     189
     195
     177
     181
     191
     191
     180
     177
     198
     202
     175
     175
     173
     216
     190
     185
     172
     187
     199
     175
     180
     191
     174
     209
     182
     183
     179
     168
     184
     177
     205
     179
     212
     182
     195
     197
     194
     165
     198
     170
     192
     183
     197
     186
     177
     173
     206
     170
     180
     217
     192
     184
     164
     200
     168
     159
     172
     185
     196
     207
     189
     169
     166
     182
     191
     177
     183
     179
     175
     178
     201
     154
     197
     185
     175
     190
     191
     194
     185
     191
     176
     188
     174
     179
     188
     193
     187
     199
     179
     163
     171
     177
     169
     202
     159
     168
     180
     196
     196
     169
     170
     167
     155
     192
     166
     181
     154
     176
     174
     183
     174
     165
     188
     179
     165
     175
     166
     175
     181
     161
     179
     184
     169
     167
     184
     179
     178
     183
     188
     166
     198
     154
     164
     172
     191
     167
     172
     161
     159
     166
     185
     191
     176
     169
     178
     159
     161
     192
     170
     157
     185
     150
     171
     193
     139
     166
     168
     179
     193
     173
     166
     199
     183
     198
     158
     181
     169
     180
     160
     196
     154
     200
     154
     166
     182
     179
     189
     174
     183
     173
     177
     162
     151
     164
     175
     155
     185
     184
     157
     153
     161
     180
     156
     172
     196
     160
     153
     173
     163
     184
     147
     176
     186
     158
     163
     178
     153
     145
     158
     168
     161
     143
     153
     155
     155
     158
     183
     170
     180
     176
     175
     186
     163
     171
     156
     159
     153
     167
     165
     162
     177
     165
     162
     153
     180
     175
     151
     172
     197
     157
     188
     169
     174
     178
     170
     181
     175
     171
     174
     188
     160
     179
     174
     155
     181
     166
     148
     164
     185
     170
     160
     173
     182
     171
     167
     189
     169
     194
     179
     186
     184
     159
     160
     156
     190
     174
     147
     179
     178
     159
     164
     163
     183
     170
     166
     170
     165
     185
     197
     171
     165
     158
     180
     176
     155
     190
     144
     167
     152
     171
     158
     160
     147
     168
     161
     165
     178
     169
     179
     169
     174
     177
     161
     162
     167
     156
     177
     190
     188
     180
     168
     183
     179
     183
     178
     192
     185
     185
     183
     186
     175
     169
     168
     163
     167
     153
     175
     152
     160
     172
     175
     158
     161
     171
     174
     178
     180
     162
     181
     185
     161
     176
     179
     166
     154
     152
     191
     175
     163
     159
     166
     165
     138
     149
     169
     161
     170
     155
     175
     145
     158
     176
     161
     157
     171
     175
     173
     164
     156
     165
     176
     177
     165
     157
     159
     160
     154
     173
     159
     182
     168
     172
     178
     159
     172
     177
     159
     158
     165
     171
     166
     137
     139
     166
     155
     179
     131
     150
     149
     171
     168
     197
     155
     170
     165
     172
     139
     183
     160
     149
     149
     152
     134
     163
     152
     179
     143
     164
     155
     150
     151
     153
     152
     143
     161
     164
     160
     139
     148
     133
     152
     156
     141
     155
     148
     163
     152
     153
     172
     140
     165
     134
     146
     139
     169
     135
     132
     158
     132
     131
     150
     154
     124
     117
     141
     131
     142
     128
     138
     148
     138
     161
     145
     155
     136
     146
     133
     153
     136
     128
     130
     129
     160
     145
     169
     142
     136
     130
     147
     133
     143
     126
     133
     130
     148
     134
     136
     136
     132
     129
     141
     163
     132
     155
     124
     136
     124
     163
     144
     105
     127
     131
     147
     132
     145
     138
     138
     145
     137
     139
     121
     112
     117
     123
     117
     144
     124
     132
      98
     116
     136
     154
     133
     138
     123
     128
     120
     114
     140
     118
     122
     135
     119
     130
     141
     118
     127
     149
     127
     131
     130
     112
     115
     106
     128
     116
     126
     154
     132
     137
     113
     104
     124
     138
     112
     134
     136
     111
     129
     109
     128
     107
     121
     127
     121
     113
     128
     133
     125
     131
     108
     119
     106
     107
     133
     143
     117
     116
     130
      99
     112
     102
     125
     115
     126
     111
     104
     116
     115
     132
     121
     146
     114
     119
     117
     123
     105
      93
     133
     118
      91
     115
     102
     124
     101
      97
     127
     115
      97
     114
     112
     101
     117
     120
     117
     138
     106
     102
      84
     132
     110
     115
     124
     123
     102
     126
      97
     116
     105
      89
     115
      96
     104
      97
     111
     110
     119
     118
      99
      99
     107
     122
     115
     122
     115
     113
     103
     111
      96
     109
     110
     105
     106
     107
      96
     115
      97
     122
      87
     115
     100
     115
     106
     112
      90
     109
     103
     117
     118
      93
     100
     103
     103
     105
     110
      99
     101
     107
      97
      95
     101
     104
     122
     106
     114
     100
      89
     125
     101
     110
      96
      92
     110
      90
      95
      96
     101
     107
     102
     117
      86
      97
     102
     106
      75
      97
      97
      98
      92
     108
     111
      81
     105
     100
     103
     113
     118
     113
      96
      97
      91
      78
     116
      91
      97
     125
      90
      97
      94
     100
     101
     109
      89
      82
      98
      93
     102
      96
     116
      78
     102
      87
      99
     103
      85
      91
     111
     112
     106
     101
      87
      96
     103
      90
      86
      98
      87
      95
      85
      93
      78
     103
      81
      98
      99
      97
      86
     102
     102
      87
      90
      88
      96
      99
      89
      94
     114
      85
      92
      91
      99
     106
      98
      91
     103
      98
      85
      82
      67
      87
      83
      80
      84
      88
     105
     103
      86
      78
      80
      91
      82
     110
      95
      77
      97
      83
      86
     105
      91
      85
      84
      89
     109
      77
      95
      82
      97
      94
      83
      86
     111
      88
     100
     102
      94
     109
      97
      91
      89
      91
      86
      98
      84
      80
      95
      78
      89
      78
      83
      91
     112
      92
     103
      90
      77
      69
      85
      70
      86
      93
      92
      88
      86
      80
      89
      79
      83
      83
      94
      79
      96
      92
      77
      82
     121
      87
      92
      80
      95
      95
      73
      79
      75
      92
      84
      80
      83
      85
      89
      76
      88
      81
      77
      87
     101
      89
      89
      76
      82
      90
      91
      85
      81
      83
      67
      84
      84
      92
      87
     101
      75
      74
      83
      77
      65
      83
      75
      80
      74
      74
      77
      84
      78
      84
      84
      93
      70
      83
      86
      81
      86
      76
      81
      84
      72
      82
      83
      78
      93
      73
      95
      89
      70
      72
      86
      81
      74
      70
      76
      68
      81
      83
      79
      82
      66
      79
      80
      76
      78
      68
      67
      78
      56
      69
      68
      76
      84
      87
      90
      76
      74
      89
      71
      67
      86
      90
      90
      78
      81
      56
      73
      85
      91
      65
      93
      61
      80
      90
      65
      76
      84
      66
      69
      85
      72
      70
      60
      67
      71
      83
      81
      83
      64
      54
      61
      81
      61
      78
      79
      67
      63
      83
      66
      77
      69
      70
      69
      71
      76
      76
      80
      54
      71
      72
      80
      68
      65
      89
      64
      69
      63
      84
      61
      75
      72
      71
      77
      73
      85
      77
      69
      78
      80
      48
      70
      68
      71
      59
      66
      69
      64
      76
      74
      73
      77
      70
      77
      72
      78
      63
      60
      63
      63
      69
      59
      67
      75
      62
      76
      65
      69
      59
      55
      78
      71
      86
      67
      67
      67
      72
      89
      72
      78
      87
      55
      63
      72
      63
      83
      81
      53
      71
      67
      82
      56
      69
      71
      78
      65
      77
      63
      67
      66
      70
      69
      76
      74
      73
      64
      61
      70
      78
      80
      56
      68
      63
      66
      80
      68
      71
      57
      71
      71
      77
      82
      60
      68
      63
      69
      66
      85
      71
      78
      57
      61
      45
      71
      62
      66
      65
      62
      64
      58
      62
      62
      57
      66
      64
      64
      59
      52
      67
      77
      56
      52
      52
      74
      72
      68
      56
      79
      69
      58
      61
      65
      59
      63
      82
      72
      75
      58
      74
      70
      65
      74
      70
      55
      70
      63
      61
      62
      67
      67
      58
      74
      60
      62
      63
      66
      55
      71
      57
      58
      54
      57
      69
      77
      80
      73
      56
      71
      58
      51
      67
      65
      72
      60
      76
      59
      53
      64
      58
      56
      66
      71
      64
      55
      72
      64
      69
      61
      58
      47
      56
      62
      59
      59
      63
      58
      60
      49
      51
      70
      59
      68
      56
      61
      77
      64
      70
      76
      45
      67
      53
      61
      69
      60
      66
      63
      60
      57
      67
      80
      70
      55
      55
      74
      71
      54
      62
      63
      76
      68
      55
      59
      61
      61
      62
      73
      67
      58
      61
      61
      48
      68
      52
      52
      61
      60
      60
      56
      52
      70
      51
      57
      64
      64
      55
      60
      77
      73
      63
      66
      57
      63
      72
      51
      71
      51
      68
      61
      62
      66
      70
      65
      55
      70
      52
      61
      71
      58
      56
      49
      68
      69
      67
      63
      61
      57
      57
      60
      53
      67
      55
      51
      67
      66
      62
      66
      68
      65
      56
      51
      55
      68
      60
      64
      61
      49
      64
      67
      55
      61
      60
      61
      62
      54
      64
      57
      67
      59
      56
      58
      61
      54
      63
      63
      64
      57
      45
      54
      57
      55
      48
      50
      72
      51
      71
      62
      72
      69
      66
      68
      57
      54
      57
      70
      66
      47
      59
      49
      53
      44
      49
      58
      71
      67
      53
      64
      54
      54
      56
      53
      74
      67
      67
      58
      46
      64
      50
      55
      66
      54
      60
      65
      71
      65
      58
      57
      66
      73
      58
      43
      62
      63
      54
      51
      53
      64
      58
      68
      67
      65
      62
      60
      52
      56
      63
      68
      64
      54
      60
      66
      58
      60
      59
      59
      56
      61
      57
      72
      41
      53
      58
      62
      56
      48
      63
      53
      54
      61
      69
      64
      60
      55
      44
      54
      61
      53
      52
      71
      60
      56
      60
      51
      73
      76
      57
      59
      57
      55
      53
      65
      59
      62
      53
      56
      65
      53
      47
      57
      58
      55
      61
      58
      55
      71
      61
      71
      52
      49
      67
      56
      45
      60
      64
      63
      58
      55
      56
      64
      60
      68
      62
      56
      63
      65
      56
      53
      59
      60
      60
      51
      59
      49
      66
      61
      69
      60
      79
      52
      59
      56
      67
      56
      62
      61
      56
      68
      62
      52
      63
      71
      57
      53
      51
      55
      60
      63
      70
      51
      59
      67
      59
      65
      48
      53
      53
      51
      48
      59
      60
      56
      67
      59
      71
      58
      52
      60
      60
      65
      62
      54
      53
      69
      54
      47
      63
      55
      47
      57
      54
      62
      51
      66
      62
      68
      77
      55
      51
      58
      63
      63
      66
      52
      63
      49
      53
      59
      52
      68
      52
      56
      50
      61
      59
      59
      61
      55
      56
      57
      60
      62
      41
      54
      57
      49
      57
      51
      57
      64
      51
      51
      59
      59
      56
      47
      55
      62
      54
      51
      55
      40
      52
      55
      50
      68
      58
      46
      46
      48
      46
      60
      60
      55
      55
      69
      55
      72
      71
      58
      62
      57
      67
      53
      47
      55
      60
      52
      61
      52
      64
      65
      59
      65
      58
      47
      64
      45
      53
      56
      61
      53
      54
      62
      56
      58
      65
      47
      47
      51
      45
      67
      59
      55
      54
      55
      58
      52
      62
      50
      57
      63
      57
      54
      63
      58
      77
      51
      59
      56
      64
      50
      62
      48
      55
      53
      42
      47
      47
      45
      54
      50
      49
      51
      51
      57
      53
      61
      49
      51
      57
      50
      63
      64
      59
      60
      58
      53
      49
      49
      49
      66
      53
      61
      55
      75
      53
      52
      62
      53
      51
      52
      66
      48
      56
      60
      59
      77
      74
      53
      52
      57
      58
      62
      44
      58
      66
      41
      48
      45
      54
      48
      64
      58
      53
      48
      54
      56
      60
      62
      50
      48
      51
      38
      53
      47
      43
      70
      58
      60
      54
      49
      60
      56
      56
      56
      59
      57
      56
      59
      63
      62
      62
      70
      52
      69
      49
      62
      74
      58
      58
      54
      63
      53
      52
      47
      65
      47
      44
      56
      60
      62
      59
      59
      52
      61
      67
      59
      58
      53
      66
      48
      50
      66
      51
      71
      59
      51
      62
      45
      48
      57
      73
      60
      59
      59
      55
      56
      47
      54
      52
      59
      46
      54
      69
      62
      56
      58
      60
      60
      58
      60
      62
      57
      54
      48
      65
      68
      50
      59
      46
      68
      55
      49
      48
      59
      47
      53
      66
      68
      50
      52
      44
      52
      59
      56
      59
      71
      43
      63
      65
      53
      52
      54
      46
      48
      41
      67
      48
      49
      52
      51
      58
      49
      36
      63
      56
      44
      59
      63
      52
      59
      48
      57
      58
      53
      68
      53
      50
      64
      38
      66
      61
      47
      71
      51
      45
      59
      64
      60
      57
      56
      47
      59
      50
      65
      65
      50
      46
      49
      56
      53
      61
      55
      59
      43
      58
      64
      49
      50
      42
      54
      48
      64
      57
      57
      57
      54
      47
      64
      58
      52
      45
      60
      48
      62
      53
      49
      56
      65
      45
      53
      61
      52
      43
      55
      54
      54
      44
      50
      56
      55
      48
      40
      55
      52
      59
      62
      59
      44
      59
      40
      56
      53
      69
      66
      57
      54
      56
      58
      55
      60
      47
      59
      42
      68
      55
      53
      56
      58
      53
      55
      51
      59
      39
      46
      53
      50
      50
      61
      59
      54
      48
      59
      53
      68
      56
      45
      52
      66
      58
      41
      55
      51
      48
      52
      42
      56
      55
      48
      50
      53
      52
      55
      45
      42
      47
      47
      53
      53
      45
      47
      55
      46
      61
      41
      53
      53
      52
      58
      52
      60
      56
      59
      46
      54
      53
      60
      56
      49
      66
      55
      52
      51
      41
      39
      48
      49
      48
      57
      48
      46
      48
      54
      53
      50
      48
      60
      42
      57
      57
      50
      43
      57
      53
      53
      49
      56
      56
      45
      44
      49
      38
      47
      47
      59
      44
      54
      50
      56
      64
      56
      59
      51
      53
      57
      61
      58
      56
      42
      45
      55
      52
      51
      49
      61
      57
      73
      54
      51
      46
      54
      46
      48
      45
      44
      55
      62
      53
      50
      54
      47
      50
      50
      45
      51
      46
      52
      48
      65
      50
      50
      47
      48
      46
      54
      58
      51
      37
      51
      52
      47
      56
      56
      63
      46
      52
      56
      49
      52
      48
      48
      53
      59
      54
      58
      52
      56
      48
      56
      51
      29
      53
      49
      57
      51
      56
      57
      60
      63
      66
      51
      51
      69
      57
      46
      47
      60
      63
      45
      40
      59
      53
      49
      47
      53
      36
      52
      46
      52
      54
      48
      56
      53
      59
      43
      40
      48
      52
      40
      34
      47
      52
      49
      51
      47
      45
      56
      56
      41
      45
      45
      49
      51
      52
      49
      50
      51
      49
      44
      52
      53
      46
      43
      54
      44
      46
      37
      45
      65
      49
      43
      52
      46
      47
      43
      49
      54
      47
      49
      46
      42
      54
      62
      49
      48
      52
      63
      59
      45
      46
      59
      44
      42
      43
      45
      44
      49
      50
      48
      50
      57
      61
      49
      48
      39
      51
      62
      52
      51
      42
      58
      46
      54
      55
      44
      50
      58
      47
      45
      44
      45
      49
      47
      38
      60
      51
      46
      46
      54
      58
      50
      55
      49
      55
      45
      54
      49
      49
      61
      51
      62
      61
      49
      53
      56
      50
      55
      41
      58
      58
      49
      52
      53
      66
      52
      53
      65
      48
      50
      52
      51
      39
      54
      46
      48
      50
      53
      57
      47
      56
      66
      59
      45
      55
      56
      60
      53
      59
      44
      55
      47
      50
      43
      51
      60
      56
      52
      68
      52
      41
      48
      51
      47
      59
      51
      44
      54
      58
      51
      49
      49
      50
      43
      50
      45
      61
      53
      45
      55
      59
      54
      51
      60
      77
      57
      49
      56
      65
      51
      57
      53
      43
      65
      57
      57
      55
      38
      45
      57
      50
      45
      50
      53
      53
      50
      70
      56
      52
      50
      43
      44
      66
      55
      50
      48
      46
      56
      60
      62
      54
      55
      40
      45
      50
      46
      51
      58
      44
      66
      64
      48
      53
      45
      62
      46
      62
      63
      52
      46
      61
      54
      52
      54
      51
      37
      49
      51
      59
      49
      66
      56
      50
      58
      52
      48
      64
      52
      55
      60
      52
      61
      56
      45
      65
      41
      54
      63
      52
      45
      62
      54
      40
      47
      45
      52
      53
      48
      53
      64
      40
      52
      43
      50
      47
      49
      55
      52
      46
      45
      33
      67
      43
      47
      52
      57
      41
      56
      35
      74
      58
      39
      51
      53
      49
      50
      48
      53
      50
      70
      57
      49
      56
      49
      57
      50
      48
      44
      66
      48
      37
      43
      63
      51
      54
      45
      54
      51
      57
      44
      45
      60
      48
      62
      56
      45
      51
      48
      49
      48
      55
      52
      52
      51
      56
      46
      47
      71
      72
      53
      53
      55
      54
      50
      48
      56
      59
      43
      52
      39
      54
      64
      39
      66
      56
      45
      47
      55
      54
      55
      54
      56
      52
      55
      47
      59
      49
      44
      57
      60
      47
      39
      51
      51
      59
      42
      47
      59
      50
      63
      56
      53
      39
      51
      55
      43
      53
      42
      45
      56
      60
      46
      54
      54
      63
      51
      66
      49
      45
      56
      49
      65
      56
      56
      49
      65
      50
      49
      45
      42
      54
      49
      47
      47
      50
      48
      48
      65
      57
      46
      52
      61
      51
      54
      53
      56
      44
      63
      48
      47
      51
      58
      64
      44
      57
      60
      39
      54
      48
      58
      45
      56
      57
      57
      61
      54
      49
      42
      54
      47
      46
      56
      62
      51
      63
      53
      47
      38
      50
      58
      56
      55
      57
      61
      50
      59
      53
      56
      54
      57
      54
      51
      55
      51
      59
      63
      57
      61
      49
      53
      42
      53
      53
      60
      43
      54
      52
      62
      48
      49
      51
      51
      44
      47
      53
      48
      57
      53
      66
      49
      54
      55
      65
      54
      51
      39
      65
      56
      58
      53
      42
      61
      55
      66
      65
      47
      48
      67
      54
      50
      46
      60
      56
      59
      54
      66
      57
      67
      44
      60
      46
      57
      43
      56
      53
      52
      55
      52
      63
      49
      52
      51
      47
      51
      46
      51
      50
      54
      62
      47
      54
      68
      64
      56
      51
      52
      59
      68
      49
      59
      67
      46
      46
      56
      59
      51
      44
      51
      68
      42
      65
      54
      40
      50
      55
      40
      49
      68
      59
      57
      61
      56
      57
      48
      50
      57
      47
      54
      74
      59
      59
      49
      50
      58
      52
      50
      70
      68
      49
      50
      56
      45
      46
      66
      42
      64
      51
      48
      46
      53
      52
      52
      43
      47
      62
      62
      62
      62
      67
      58
      51
      60
      63
      55
      66
      56
      47
      45
      56
      52
      47
      59
      57
      53
      57
      53
      53
      46
      60
      59
      48
      50
      62
      51
      59
      52
      59
      50
      60
      47
      56
      56
      57
      60
      48
      45
      44
      65
      56
      54
      51
      59
      62
      65
      59
      52
      60
      65
      55
      56
      47
      57
      48
      60
      55
      47
      56
      61
      74
      48
      56
      58
      54
      49
      57
      61
      63
      51
      50
      69
      40
      62
      56
      55
      73
      58
      55
      46
      54
      72
      49
      54
      63
      53
      50
      50
      53
      62
      51
      47
      65
      59
      40
      52
      75
      49
      59
      46
      57
      48
      61
      54
      65
      50
      50
      48
      61
      59
      63
      48
      49
      44
      58
      60
      51
      60
      55
      55
      51
      43
      43
      55
      58
      47
      50
      55
      54
      56
      45
      49
      51
      51
      56
      55
      43
      48
      42
      49
      64
      46
      42
      64
      44
      57
      63
      44
      52
      45
      51
      59
      65
      55
      45
      45
      50
      57
      54
      58
      47
      62
      50
      60
      67
      63
      51
      49
      48
      47
      41
      57
      46
      53
      49
      51
      61
      60
      52
      48
      47
      59
      49
      40
      53
      48
      54
      43
      54
      54
      64
      55
      44
      53
      52
      66
      64
      49
      53
      50
      56
      52
      50
      51
      62
      53
      49
      39
      40
      41
      58
      47
      36
      65
      52
      41
      49
      52
      44
      39
      67
      56
      51
      41
      54
      55
      49
      44
      50
      57
      39
      55
      59
      46
      42
      37
      37
      75
      41
      51
      62
      61
      48
      39
      46
      52
      45
      49
      52
      56
      69
      53
      37
      45
      74
      48
      66
      47
      54
      73
      49
      61
      59
      51
      46
      48
      54
      62
      67
      39
      48
      64
      55
      51
      54
      39
      42
      54
      49
      59
      61
      50
      38
      44
      42
      49
      54
      43
      53
      53
      55
      39
      55
      49
      38
      50
      48
      43
      46
      48
      56
      54
      35
      39
      53
      41
      47
      62
      47
      48
      50
      44
      66
      50
      39
      43
      47
      51
      43
      36
      52
      44
      51
      61
      54
      54
      49
      51
      55
      56
      37
      52
      33
      54
      49
      51
      37
      40
      45
      42
      38
      35
      60
      46
      37
      53
      47
      46
      44
      54
      54
      46
      58
      33
      55
      45
      53
      43
      54
      50
      42
      51
      54
      52
      50
      43
      54
      47
      44
      45
      49
      50
      47
      44
      51
      48
      44
      43
      45
      46
      45
      48
      54
      52
      53
      43
      37
      54
      40
      49
      44
      43
      40
      42
      40
      45
      46
      35
      39
      50
      42
      52
      45
      44
      51
      61
      46
      47
      40
      43
      47
      51
      60
      48
      44
      56
      33
      50
      40
      45
      39
      32
      54
      53
      44
      40
      44
      40
      43
      35
      47
      40
      43
      45
      54
      39
      42
      53
      53
      29
      50
      39
      38
      45
      45
      41
      49
      38
      45
      47
      43
      28
      43
      51
      49
      46
      55
      38
      31
      35
      46
      40
      39
      50
      55
      41
      38
      44
      41
      44
      35
      55
      41
      37
      53
      38
      45
      45
      38
      44
      50
      46
      35
      34
      35
      44
      40
      37
      42
      37
      41
      33
      31
      49
      36
      43
      49
      47
      41
      44
      61
      39
      39
      36
      41
      40
      41
      40
      43
      38
      43
      36
      39
      49
      50
      56
      28
      57
      41
      49
      32
      30
      40
      40
      24
      39
      45
      44
      52
      45
      39
      48
      35
      40
      34
      43
      37
      31
      38
      39
      45
      33
      34
      50
      29
      49
      38
      43
      42
      45
      40
      36
      41
      44
      54
      47
      44
      25
      40
      42
      48
      56
      36
      26
      71
      48
      45
      38
      35
      44
      38
      26
      49
      41
      47
      45
      54
      46
      38
      35
      42
      36
      41
      38
      36
      41
      52
      37
      49
      43
      44
      43
      38
      40
      40
      39
      31
      23
      36
      42
      60
      33
      48
      50
      40
      37
      43
      45
      35
      43
      44
      36
      42
      56
      40
      42
      41
      42
      37
      39
      43
      47
      40
      40
      49
      50
      40
      34
      44
      43
      49
      46
      49
      39
      44
      52
      31
      53
      54
      45
      36
      49
      41
      54
      52
      46
      38
      43
      51
      38
      55
      40
      46
      31
      42
      54
      44
      48
      51
      34
      35
      49
      43
      47
      62
      33
      50
      48
      46
      42
      42
      45
      43
      39
      29
      48
      66
      52
      41
      41
      45
      42
      46
      43
      50
      67
      54
      35
      40
      55
      49
      51
      46
      48
      34
      38
      41
      47
      48
      45
      51
      57
      53
      47
      54
      34
      50
      33
      46
      39
      48
      44
      47
      56
      61
      41
      48
      45
      61
      50
      52
      64
      42
      55
      53
      53
      61
      49
      49
      50
      51
      53
      57
      58
      53
      50
      63
      43
      63
      46
      42
      53
      53
      59
      64
      49
      57
      54
      62
      57
      53
      52
      56
      42
      60
      57
      45
      62
      65
      55
      49
      62
      56
      60
      60
      54
      56
      46
      48
      55
      58
      50
      62
      60
      63
      70
      57
      62
      67
      59
      66
      64
      63
      58
      57
      67
      66
      67
      65
      73
      61
      61
      63
      71
      77
      76
      62
      61
      60
      66
      71
      78
      60
      65
      79
      67
      81
      81
      55
      81
      78
      66
      79
      80
      90
      74
      67
      64
      75
      83
      74
      70
      75
      73
      79
      69
      81
      85
      83
      84
      80
      68
      89
      90
      62
      89
      67
      80
      83
      61
      65
      70
      78
      77
      65
      72
      74
      70
      79
      74
      87
      95
      88
      70
      76
      71
      70
      82
      99
      84
      88
     106
      92
      98
      93
      79
     106
      88
      78
      89
      88
      97
      99
      83
      83
      95
      72
      87
      63
     104
      87
      88
     104
     100
     105
     115
      96
      99
     102
      95
      92
      99
      96
     103
     107
     113
      94
      92
      90
      96
     109
      94
      93
      96
     110
      93
      93
     108
     112
      89
      87
     114
     101
      84
     116
     109
      86
     112
      92
     117
     104
     117
     103
      93
     109
      96
     121
     120
     110
     101
     102
     127
     140
     113
     133
      99
     124
     111
     104
     108
     109
     112
     136
     115
     114
     105
     130
     123
     114
     117
     100
     120
     128
     111
     116
     117
     107
     108
     113
     118
      96
     132
     109
     113
     126
     117
     134
     126
     127
     155
     128
     129
     151
     142
     109
     126
     149
     124
     141
     118
     141
     109
     133
     138
     140
     140
     143
     127
     134
     144
     119
     140
     138
     147
     136
     119
     134
     128
     136
     138
     142
     148
     131
     135
     146
     143
     155
     137
     108
     139
     141
     108
     164
     140
     130
     137
     153
     137
     141
     150
     155
     131
     140
     146
     134
     165
     112
     150
     116
     128
     148
     143
     149
     148
     153
     124
     141
     158
     160
     142
     149
     144
     156
     135
     155
     143
     135
     128
     155
     172
     110
     168
     139
     136
     133
     144
     155
     158
     155
     129
     136
     161
     140
     131
     136
     159
     151
     130
     137
     173
     153
     140
     142
     150
     144
     136
     164
     142
     114
     137
     170
     155
     137
     146
     129
     130
     161
     137
     184
     152
     165
     146
     142
     165
     167
     139
     144
     148
     154
     143
     161
     159
     139
     159
     147
     166
     150
     165
     161
     154
     165
     139
     152
     148
     150
     162
     167
     165
     157
     147
     145
     158
     156
     151
     163
     152
     143
     132
     165
     141
     149
     141
     137
     125
     163
     168
     167
     151
     161
     159
     152
     169
     156
     151
     157
     131
     147
     149
     146
     167
     159
     169
     167
     162
     158
     167
     155
     149
     159
     142
     158
     144
     167
     183
     148
     157
     176
     160
     176
     167
     153
     152
     161
     142
     127
     134
     151
     139
     144
     151
     176
     136
     133
     166
     156
     130
     140
     145
     151
     133
     153
     157
     135
     129
     151
     162
     161
     144
     154
     146
     132
     157
     145
     146
     132
     156
     156
     123
     142
     139
     140
     134
     167
     135
     125
     152
     128
     119
     116
     132
     126
     128
     147
     125
     136
     146
     140
     132
     125
     132
     128
     114
     121
     140
     153
     121
     116
     159
     156
     144
     129
     138
     116
     120
     135
     143
     125
     135
     121
     156
     156
     124
     105
     137
     109
     126
     118
     128
     112
     128
      99
     142
     123
     135
     124
      87
     132
     138
     127
     116
     123
     129
     123
     133
     124
     121
     133
     115
     115
     116
     122
     116
     101
     134
     114
     122
     130
     118
     117
     133
     110
     113
     124
     126
     124
     113
     110
     124
      99
     118
     121
     118
     130
     125
     131
     110
     120
     105
     112
     117
     106
     132
     102
     114
     114
     102
     124
     110
     133
     110
     118
     124
     110
     103
     132
     122
     114
      99
     109
      92
     114
     110
     114
      93
     121
     109
     114
     105
     103
     124
     114
     105
      92
     110
     111
     110
      88
      92
     106
     107
     102
      91
     111
     113
      97
      96
     114
     106
     104
     109
      91
     113
      94
     121
     104
     114
      93
     108
     103
     108
     110
      92
     109
      86
      92
     104
     108
      98
      92
     113
     117
     103
     112
     119
      94
     106
      97
      96
     110
     104
     104
      87
     109
      94
      92
      93
     105
     120
     107
     114
      99
     112
     108
     104
     115
     113
     104
      87
     103
      89
     101
      99
     110
      90
      94
      79
     102
      97
     123
      93
      82
      83
      75
      84
     108
      93
     105
     102
      93
      93
      95
     106
     101
      93
      90
      96
     100
     104
     102
      98
      95
      84
     101
      76
     102
      98
      91
     102
     100
      89
      78
      98
      97
      99
      90
      86
     105
     100
      97
      90
      91
      89
      76
     116
     105
      98
     100
      87
      86
     104
      79
     105
      90
      85
     107
     103
     108
      81
      80
      81
      96
     104
      87
      94
     104
      93
     111
     109
     114
     101
      83
     106
     105
      88
      93
     110
      93
      85
      98
     100
      98
      98
      93
      86
     110
      88
      97
     120
     101
     111
     115
      93
     106
     105
      94
     116
     106
     113
     104
      96
     105
     124
      93
     113
     102
      99
      99
     117
     103
     120
     107
     108
     108
     101
      91
     117
      83
      99
     109
     108
     110
     113
     102
     120
      96
     110
     116
      93
     115
     130
     107
      98
     124
     102
      86
     110
     122
     109
     131
      95
     113
     115
     110
     115
     111
     102
     115
     113
     118
     120
     119
      97
     124
     110
     109
     108
     117
     109
     121
      81
     128
     109
     115
     109
     126
     123
     133
     129
     137
     114
     109
     115
     112
     123
     122
     109
     112
      98
     118
     110
     121
     107
     131
     124
     104
     108
     137
     106
     127
     119
     128
     119
     120
     117
     116
     133
     121
     131
     127
     138
     139
     123
     118
     107
     112
     125
     112
     114
     135
     107
     117
     111
     146
     119
     106
     131
     114
     133
     121
     124
     123
     120
     135
     105
     116
     111
     145
     120
     126
     158
     124
     118
     129
     132
      98
     119
     118
     131
     128
     130
     115
     112
     133
     120
     113
     148
     131
     131
     135
     133
     125
     130
     132
     148
     133
     132
     138
     139
     114
     118
     111
     132
     140
     126
     128
     120
     114
     115
     109
     121
     128
     128
     127
     119
     135
     119
     138
     118
     123
     139
     128
     141
     112
     131
     142
     142
     125
     115
     149
     115
     141
     118
     109
     128
     140
     117
     127
     127
     130
     120
     131
     126
     131
     128
     133
     123
     106
     133
     145
     129
     131
     123
     114
     131
     123
     132
     143
     125
     131
     127
     122
     141
     124
     129
     122
     132
     128
     116
     123
     126
     141
     128
     124
     143
     135
     133
     116
     113
     125
     128
     142
     109
     119
     141
     124
     116
     122
     123
     115
     121
     130
     128
     137
     135
     111
     128
     119
     123
     120
     119
     120
     116
     114
     108
     132
     124
     128
     120
     121
     101
     109
     102
     108
     113
     102
     108
     117
     128
     120
     108
     104
      94
     105
     118
     123
     141
     109
     113
     128
     131
      98
     121
     106
     118
     122
     115
     100
     108
      94
     115
     111
      99
     101
     115
     110
     106
     114
     117
     110
     116
      88
     110
     109
     108
     112
     101
     108
     115
     107
     115
     112
     112
     101
      95
      95
      97
      91
      96
     114
     100
     107
      96
      92
     106
      94
     111
     106
     111
     101
      92
     112
      88
     116
      77
      99
      90
     100
      97
      94
      84
     103
      89
     100
      70
      88
      83
      92
      85
     101
      90
      80
      91
      87
     102
      85
      94
      84
     102
     103
     110
      92
      87
      81
      85
      80
      90
      94
      83
      71
      82
      92
      85
      99
      82
      89
      85
      63
      85
      64
      82
      63
      70
      84
      70
      70
      80
      76
      87
      66
      66
      87
      70
      95
      73
      64
      73
      73
      71
      74
      68
      87
      74
      93
      68
      75
      83
      84
      66
      75
      75
      63
      73
      75
      57
      66
      75
      74
      68
      71
      72
      80
      79
      70
      63
      56
      77
      56
      59
      56
      73
      57
      68
      59
      77
      66
      57
      76
      66
      53
      67
      67
      64
      63
      67
      63
      69
      62
      66
      61
      68
      60
      60
      67
      47
      64
      55
      58
      53
      60
      49
      58
      57
      52
      46
      55
      47
      44
      62
      50
      62
      52
      54
      53
      57
      59
      54
      56
      50
      44
      42
      43
      46
      49
      46
      53
      43
      50
      49
      61
      53
      41
      44
      44
      41
      46
      47
      44
      50
      33
      49
      42
      41
      36
      43
      44
      52
      39
      45
      35
      40
      28
      38
      42
      40
      58
      36
      58
      36
      33
      32
      39
      49
      38
      34
      38
      37
      40
      43
      37
      32
      35
      40
      34
      42
      29
      38
      32
      35
      37
      44
      37
      28
      36
      30
      41
      39
      36
      28
      34
      28
      23
      36
      30
      37
      20
      29
      33
      25
      18
      37
      34
      18
      24
      33
      27
      33
      29
      28
      28
      29
      33
      33
      18
      24
      23
      27
      30
      35
      29
      20
      25
      36
      27
      37
      22
      22
      23
      21
      27
      31
      28
      34
      19
      22
      23
      23
      16
      27
      27
      31
      31
      26
      24
      31
      21
      25
      24
      18
      20
      31
      13
      28
      18
      23
      28
      23
      21
      20
      21
      26
      25
      28
      16
      15
      28
      31
      28
      25
      28
      15
      20
      18
      16
      15
      18
      23
      13
      10
      15
      27
      14
      27
      12
      12
      20
      18
      17
      12
      19
      13
      22
      11
      14
      12
      15
      20
      17
      15
      18
      10
      14
      19
       9
      19
      12
      18
      15
      22
      11
      16
      14
      12
      15
      15
      16
      24
       6
      17
      13
      13
      10
      13
      14
      13
      22
       9
      16
      11
      16
      10
       7
      14
      22
      10
       9
      16
      15
      10
      13
       8
      15
      12
      12
      10
       4
      17
      13
      13
      14
      10
       5
      11
      18
      10
      18
      14
       9
      11
       8
       7
      16
      11
       5
      12
      10
       9
      12
       8
      10
      11
      11
      12
      13
      11
      12
      10
       9
      18
      10
       8
      12
       8
      12
       9
       7
      11
      10
       6
       6
      16
       9
       9
      16
       7
      10
       6
      13
      11
      10
       5
      13
       7
      10
       7
      12
       9
      10
       9
       3
      10
      10
       3
      10
       6
       8
      10
       7
       8
       9
      10
       8
       6
       5
       7
       7
       8
       7
       5
      11
       7
       9
       9
       4
       6
       9
       6
      11
       7
      11
      13
       6
       5
       8
      10
       7
       2
       8
      10
       6
       9
      11
       9
       3
       7
       8
       8
       8
       6
       7
       6
       6
       8
       2
       8
       6
       3
       5
       7
       8
       9
       5
       4
       6
       6
       8
       8
       5
       5
       7
       1
       8
       9
       2
       6
       3
       5
       7
       3
       7
       3
       5
       4
       8
       8
       5
       6
       5
       5
      10
       1
       7
       5
       9
       4
      10
       5
       4
       5
       6
      10
       3
       5
       8
       7
       7
       4
       5
       3
       6
       9
       9
       4
       9
       5
      12
       5
       4
       1
       5
       5
       7
       3
       4
       4
       5
       8
       5
       5
       7
       6
       5
       4
       6
       1
       1
       7
       5
       3
       6
       3
       5
       3
       3
       5
       9
       1
       8
       4
       9
       5
       7
       5
       4
       4
       7
       4
       3
       3
       5
      10
       4
       2
       4
       5
       7
       5
       2
       7
       2
       4
       3
       6
       3
       6
       3
       4
       6
       3
       9
       4
       3
       3
       5
       6
       4
       0
       8
       1
       6
       3
       2
       4
       2
       4
       3
       2
       7
       6
       2
       2
       2
       4
       4
       1
       3
       5
       4
       6
       5
       6
       6
       2
       6
       3
       5
       1
       2
       4
       3
       4
       6
       2
       2
       1
       2
       5
       3
       5
       4
       6
       5
       3
       1
       3
       5
       3
       3
       1
       4
       2
       3
       2
       5
       5
       2
       2
       3
       1
       1
       3
       3
       2
       3
       2
       2
       4
       1
       4
       6
       3
       2
       4
       7
       3
       5
       3
       6
       3
       2
       1
       3
       3
       3
       4
       3
       3
       4
       5
       3
       4
       4
       4
       2
       2
       2
       0
       2
       3
       7
       3
       0
       4
       1
       2
       5
       4
       4
       3
       4
       1
       3
       5
       1
       2
       2
       2
       1
       3
       5
       3
       3
       2
       3
       0
       1
       2
       1
       1
       0
       1
       5
       2
       2
       3
       3
       4
       3
       6
       6
       3
       3
       1
       5
       2
       1
       2
       3
       4
       3
       4
       2
       1
       2
       5
       2
       1
       2
       2
       4
       3
       0
       4
       2
       4
       4
       4
       5
       4
       1
       1
       3
       8
       3
       2
       1
       3
       3
       2
       5
       1
       2
       3
       0
       3
       2
       1
       2
       5
       0
       1
       1
       0
       0
       2
       0
       1
       0
       3
       2
       2
       3
       4
       1
       0
       2
       4
       1
       0
       2
       2
       2
       2
       3
       4
       1
       5
       1
       6
       1
       5
       1
       2
       3
       1
       1
       2
       2
       2
       4
       5
       2
       2
       2
       0
       2
       1
       1
       1
       2
       1
       2
       2
       4
       3
       5
       1
       3
       0
       0
       1
       3
       2
       3
       1
       1
       2
       2
       1
       1
       2
       3
       0
       1
       1
       2
       2
       1
       3
       1
       0
       2
       1
       2
       0
       2
       4
       2
       1
       1
       3
       1
       1
       3
       4
       2
       2
       1
       2
       1
       2
       1
       2
       2
       1
       0
       1
       2
       1
       2
       1
       1
       3
       3
       0
       1
       0
       1
       1
       1
       1
       3
       4
       1
       1
       2
       3
       2
       2
       0
       1
       1
       1
       2
       4
       1
       2
       2
       4
       4
       4
       3
       0
       1
       1
       2
       3
       5
       1
       2
       0
       5
       2
       3
       2
       1
       0
       3
       1
       2
       2
       0
       4
       1
       3
       2
       2
       2
       1
       2
       1
       0
       0
       0
       1
       0
       1
       1
       5
       1
       2
       0
       1
       2
       5
       3
       2
       0
       1
       1
       0
       2
       2
       2
       1
       1
       3
       0
       0
       1
       3
       2
       1
       0
       2
       2
       2
       1
       4
       2
       1
       4
       1
       2
       3
       2
       2
       1
       2
       2
       1
       1
       3
       3
       1
       1
       2
       3
       1
       2
       4
       1
       1
       2
       2
       1
       1
       2
       1
       0
       5
       2
       0
       4
       2
       1
       1
       2
       2
       3
       1
       3
       0
       2
       0
       3
       3
       2
       1
       0
       0
       1
       0
       1
       0
       5
       3
       1
       4
       1
       3
       2
       0
       3
       0
       1
       2
       1
       3
       1
       0
       0
       2
       0
       2
       3
       1
       0
       0
       1
       4
       2
       0
       2
       1
       0
       1
       4
       2
       2
       2
       1
       1
       0
       1
       1
       4
       1
       1
       0
       2
       0
       2
       2
       0
       1
       2
       2
       0
       1
       1
       2
       2
       1
       2
       1
       0
       1
       3
       1
       1
       2
       0
       2
       4
       0
       1
       4
       2
       0
       1
       1
       6
       1
       4
       0
       0
       2
       1
       2
       0
       3
       3
       3
       3
       1
       2
       2
       1
       1
       2
       1
       3
       4
       2
       0
       4
       2
       0
       1
       0
       1
       2
       0
       1
       2
       1
       2
       3
       2
       1
       1
       2
       4
       3
       3
       4
       2
       2
       1
       1
       5
       2
       1
       2
       1
       2
       0
       2
       0
       2
       1
       1
       1
       2
       1
       1
       0
       2
       2
       1
       0
       0
       2
       3
       2
       4
       1
       2
       2
       2
       0
       2
       5
       2
       1
       1
       1
       1
       1
       2
       1
       1
       1
       3
       1
       3
       5
       2
       0
       1
       0
       2
       1
       2
       1
       1
       0
       2
       1
       2
       4
       1
       6
       3
       1
       3
       2
       1
       1
       2
       3
       1
       2
       1
       1
       3
       3
       4
       1
       1
       2
       2
       2
       1
       2
       6
       5
       2
       1
       0
       0
       2
       2
       0
       3
       3
       1
       2
       3
       3
       0
       2
       0
       1
       0
       6
       1
       0
       1
       1
       1
       1
       1
       2
       1
       2
       2
       1
       3
       3
       0
       0
       1
       1
       2
       1
       1
       1
       1
       1
       1
       0
       1
       2
       0
       3
       1
       3
       4
       2
       3
       2
       2
       2
       2
       1
       0
       4
       2
       2
       1
       1
       4
       2
       0
       2
       1
       1
       0
       0
       0
       0
       1
       1
       1
       1
       0
       2
       2
       1
       2
       2
       1
       0
       1
       1
       1
       2
       2
       0
       1
       0
       2
       1
       2
       1
       2
       2
       2
       0
       4
       2
       4
       2
       3
       1
       0
       0
       4
       2
       0
       0
       1
       2
       4
       3
       0
       2
       3
       2
       0
       2
       1
       2
       2
       1
       2
       2
       4
       4
       2
       4
       1
       3
       0
       0
       0
       0
       0
       2
       2
       1
       0
       3
       1
       5
       4
       3
       1
       0
       1
       4
       1
       1
       1
       1
       1
       0
       1
       3
       0
       1
       3
       2
       2
       0
       1
       1
       2
       2
       1
       1
       1
       3
       2
       2
       3
       7
       1
       3
       0
       4
       2
       2
       1
       2
       1
       0
       1
       3
       2
       4
       2
       2
       3
       2
       4
       0
       2
       1
       0
       1
       2
       2
       1
       2
       1
       1
       2
       0
       3
       0
       2
       2
       4
       1
       1
       1
       1
       1
       4
       3
       0
       2
       1
       4
       0
       1
       3
       2
       0
       2
       0
       2
       2
       4
       1
       2
       2
       1
       1
       0
       3
       3
       0
       1
       0
       4
       1
       3
       4
       2
       0
       1
       3
       2
       0
       2
       3
       2
       1
       1
       1
       0
       3
       3
       1
       2
       2
       1
       2
       1
       0
       1
       1
       2
       2
       2
       2
       1
       3
       2
       1
       1
       2
       0
       1
       2
       3
       4
       1
       1
       8
       0
       2
       1
       2
       1
       2
       1
       0
       1
       2
       3
       0
       0
       2
       1
       0
       3
       2
       1
       1
       1
       5
       3
       1
       4
       2
       1
       0
       1
       0
       1
       3
       2
       3
       4
       3
       2
       0
       2
       1
       1
       4
       2
       2
       2
       0
       2
       3
       3
       3
       5
       3
       4
       0
       1
       0
       1
       3
       1
       2
       2
       2
       1
       2
       2
       0
       1
       2
       3
       2
       4
       3
       1
       2
       2
       2
       2
       1
       2
       3
       1
       3
       1
       3
       2
       2
       2
       1
       2
       2
       3
       3
       0
       4
       2
       1
       3
       0
       4
       2
       3
       3
       3
       1
       1
       0
       3
       3
       1
       2
       0
       2
       2
       1
       2
       1
       1
       1
       2
       3
       3
       2
       2
       5
       3
       1
       0
       5
       1
       0
       3
       1
       0
       0
       2
       3
       5
       0
       1
       4
       4
       0
       0
       1
       2
       3
       1
       1
       3
       6
       3
       0
       1
       2
       1
       1
       1
       2
       1
       1
       3
       2
       1
       3
       3
       5
       2
       0
       0
       2
       0
       1
       2
       3
       0
       2
       0
       2
       2
       1
       3
       4
       3
       0
       0
       1
       2
       1
       2
       0
       0
       5
       2
       1
       1
       5
       1
       1
       1
       4
       2
       1
       2
       1
       0
       2
       1
       6
       3
       1
       5
       3
       2
       2
       1
       2
       1
       1
       1
       0
       0
       2
       3
       3
       2
       0
       0
       0
       1
       1
       0
       0
       1
       2
       3
       1
       1
       1
       4
       1
       3
       1
       3
       0
       1
       1
       1
       1
       1
       1
       2
       4
       0
       1
       2
       0
       2
       3
       3
       1
       0
       1
       0
       2
       1
       1
       1
       0
       1
       1
       2
       3
       1
       2
       0
       1
       1
       0
       1
       3
       1
       2
       2
       1
       1
       0
       1
       2
       0
       1
       2
       0
       3
       2
       1
       1
       2
       2
       0
       4
       1
       1
       2
       2
       1
       2
       2
       1
       3
       2
       0
       1
       2
       1
       1
       6
       0
       1
       2
       0
       1
       2
       4
       2
       5
       1
       1
       5
       2
       5
       4
       1
       2
       1
       2
       2
       2
       2
       4
       1
       0
       0
       0
       2
       3
       3
       1
       0
       0
       1
       1
       1
       2
       2
       0
       2
       0
       4
       7
       3
       0
       1
       1
       3
       1
       6
       2
       2
       2
       2
       0
       4
       3
       1
       3
       1
       4
       2
       1
       3
       0
       1
       1
       3
       2
       5
       0
       3
       1
       1
       3
       2
       3
       1
       2
       2
       0
       2
       3
       1
       1
       1
       1
       0
       2
       2
       3
       2
       0
       2
       1
       0
       1
       2
       3
       3
       1
       0
       3
       0
       1
       5
       2
       2
       4
       1
       3
       3
       1
       0
       2
       3
       1
       2
       0
       5
       2
       1
       3
       1
       4
       2
       5
       4
       2
       3
       1
       1
       3
       1
       2
       4
       0
       1
       1
       1
       3
       1
       1
       6
       1
       2
       3
       1
       3
       2
       0
       4
       3
       3
       1
       5
       0
       1
       1
       1
       0
       1
       0
       4
       3
       1
       1
       2
       2
       1
       2
       2
       0
       5
       3
       4
       0
       2
       3
       3
       2
       3
       1
       5
       1
       0
       3
       1
       0
       0
       3
       4
       0
       3
       1
       2
       4
       1
       1
       0
       2
       3
       0
       1
       2
       4
       0
       0
       3
       3
       4
       4
       1
       4
       0
       1
       0
       4
       1
       4
       2
       3
       1
       4
       3
       1
       2
       2
       1
       3
       2
       2
       3
       4
       2
       2
       0
       2
       5
       3
       2
       0
       2
       3
       8
       2
       1
       2
       2
       4
       2
       1
       1
       2
       5
       7
       5
       3
       4
       1
       3
       1
       1
       4
       5
       5
       2
       3
       3
       2
       3
       2
       0
       2
       2
       5
       4
       4
       4
       0
       6
       4
       2
       3
       2
       1
       2
       3
       5
      10
       3
       2
       6
       0
       2
       1
       4
       4
       1
       1
       1
       0
       2
       4
       4
       7
       4
       2
       8
       4
       3
       2
       3
       2
       3
       5
       4
       3
       2
       2
       3
       1
       0
       0
       2
       1
       3
       6
       3
       6
       3
       3
       2
       2
       3
       3
       2
       2
       3
       2
       2
       4
       0
       0
       1
       4
       1
       5
       8
       1
       3
       3
       5
       4
       1
       5
       7
       5
       5
       2
       5
       4
       4
       4
       3
       3
       4
       3
       1
       2
       0
       2
       5
       2
       3
       2
      10
       0
       2
       1
       7
       0
       5
       2
       2
       3
       0
       2
       4
       2
       2
       2
       6
       5
       3
       4
       1
       4
       4
       2
       5
       3
       3
       3
       5
       3
       1
       5
       4
       6
       2
       1
       4
       2
       3
       1
       1
       2
       7
       2
       3
       3
       1
       6
       8
       6
       3
       1
       2
       3
       1
       0
       1
       3
       1
       2
       3
       4
       2
       6
       5
       3
       5
       1
       4
       1
       4
       0
       4
       3
       3
       3
       0
       0
       3
       1
       3
       3
       2
       2
       8
       3
       1
       4
       5
       3
       3
       0
       3
       5
       4
       4
       3
       1
       3
       3
       4
       1
       4
       3
       1
       3
       3
       3
       3
       3
       3
       1
       4
       0
       3
       2
       1
       2
       4
       2
       2
       3
       3
       3
       4
       2
       3
       1
       3
       3
       1
       2
       2
       2
       2
       3
       7
       6
       4
       1
       2
       3
       2
       2
       6
       4
       2
       3
       4
       6
       4
       4
       0
       4
       2
       1
       0
       2
       4
       0
       5
       5
       1
       3
       1
       4
       0
       5
       2
       4
       2
       4
       3
       5
       3
       6
       1
       0
       4
       1
       3
       2
       5
       7
       2
       5
       7
       1
       2
       6
       3
       4
       2
       0
       3
       4
       3
       4
       2
       5
       4
       3
       6
       6
       4
       6
       4
       5
       3
       7
       4
       5
       2
       5
       3
       3
       8
       4
       2
       6
       2
       5
       9
       3
       4
       7
       5
      10
       9
       5
       7
       7
       6
       4
       5
       4
       4
       5
       9
       6
       7
       9
       6
       8
       7
      10
       4
       9
       5
       8
      10
       5
      10
       5
       6
      14
       8
       6
      10
       3
       9
       4
       9
      10
       7
       5
      14
       9
       4
      11
       5
       9
       9
      11
       9
      14
       8
       6
       5
       9
      13
      11
      11
       6
      11
       8
       3
       8
       7
      10
       6
       6
      11
      10
       9
       9
       6
       9
       9
       7
      12
       9
       8
       3
       5
       9
       9
       9
      12
       5
       6
      11
       9
       8
       8
       7
       8
       6
       6
       6
       9
       3
       5
       5
       4
       5
       5
       6
       4
       5
       6
       4
       7
       8
       5
       5
       3
       6
       5
       4
       4
       2
       8
       5
       5
       5
       2
       4
       2
       2
       4
       3
       6
       3
       0
       2
       2
       5
       2
       4
       1
       3
       2
       3
       3
       1
       3
       2
       1
       3
       2
       4
       2
       1
       0
       4
       1
       3
       3
       3
       2
       2
       0
       0
       1
       2
       2
       2
       1
       2
       1
       0
       1
       2
       2
       3
       1
       0
       3
       0
       1
       1
       1
       1
       0
       0
       0
       0
       0
       0
       1
       0
       0
       0
       2
       1
       0
       2
       1
       0
       0
       1
       2
       0
       0
       1
       2
       0
       0
       0
       2
       1
       0
       0
       0
       0
       0
       1
       0
       0
       0
       0
       1
       2
       0
       0
       0
       0
       0
       0
       1
       0
       0
       1
       0
       0
       0
       0
       0
       0
       0
       0
       0
       0
       1
       0
       0
       0
       0
       0
       0
       1
       0
       0
       0
       0
       0
       0
       0
       0
       2
       0
       0
       0
       0
       0
       0
       0
       0
       0
       1
       0
       0
       0
       0
       0
       1
       0
       1
       0
       0
       0
       0
       0
       0
       0
       0
       0
       0
       0
       0
       1
       0
       0
       1
       0
       1
       0
       0
       0
       0
       0
       0
       0
       0
       1
       1
       0
       0
       0
       0
       0
       0
       0
       0
       0
       1
       0
       0
       0
       0
       0
       0
       0
       0
       0
       0
       0
       0
       0
       0
       1
       1
       0
       0
       0
       0
       1
       0
       0
       0
       0
       1
       0
       0
       0
       0
       0
       0
       1
       1
       0
       0
       0
       0
       1
       0
       0
       0
       0
       0
       0
       0
       0
       0
       0
       0
       0
       0
       0
       1
       0
       0
       0
       0
       0
       0
       0
       0
       0
       2
       0
       0
       0
       0
       0
       1
       0
       0
       0
       0
       1
       0
       1
       0
       0
       0
       0
       0
       1
       0
       1
       0
       1
       0
       0
       0
       0
       0
       0
       0
       6
       7
       7
       4
       5
       2
       8
       4
       4
       2
       5
       4
       3
       1
       3
       5
       3
       5
       5
       3
       2
       6
       5
       3
       3
       6
       8
       5
       3
       3
       1
       3
       4
       3
       2
       5
       4
       3
       1
       2
       3
       7
       4
       2
       3
       1
       1
       1
       3
       3
       2
       5
       5
       3
       4
       6
       2
       4
       4
       4
       1
       3
       3
       4
       6
       1
       1
       4
       4
       2
       6
       2
       4
       2
       5
       6
       5
       4
       5
       1
       4
       2
       2
       2
       0
       4
       3
       3
       6
       4
       2
       4
       2
       7
       3
       2
       1
       4
       4
       4
       4
       4
       6
       1
       2
       3
       5
       3
       6
       8
       5
       4
       1
       4
       5
       1
       5
       6
       2
       4
       1
       4
       6
       4
       1
       5
       5
       3
       4
       5
       1
       4
       3
       6
       5
       3
       4
       4
       4
       2
       4
       7
       5
       3
       5
       1
       3
       4
       1
       6
       1
       1
       5
       2
       7
       1
       5
       2
       3
       6
       2
       1
       0
       5
       1
       1
       3
       1
       4
       5
       5
       4
       3
       6
       6
       4
       4
       2
       1
       3
       5
       2
       4
       6
$ROI:
2
1915 2625
3640 5397
$PRESETS:
Live Time
120
0
$ENER_FIT:
0.000000 0.000000
$MCA_CAL:
3
0.000000E+000 0.000000E+000 0.000000E+000 
$SHAPE_CAL:
3
0.000000E+000 0.000000E+000 0.000000E+000
