$SPEC_ID:
No sample description was entered.
$SPEC_REM:
DET# 1
DETDESC# VP03 MCB 337
AP# Maestro Version 7.01
$DATE_MEA:
01/15/2019 12:26:20
$MEAS_TIM:
120 121
$DATA:
0 8191
       0
       0
       0
       0
       0
       0
       0
       0
       0
       0
       0
       0
       0
       0
       0
       0
       0
       0
       0
       0
       0
       0
       0
       0
       0
       0
       0
       0
       0
       0
       0
       0
       0
       0
       0
       0
       0
       0
       0
       0
       0
       0
       0
       0
       0
       0
       0
       0
       0
       0
       0
       0
       0
       0
       0
       0
       0
       0
       0
       0
       0
       0
       0
       0
       0
       0
       0
       0
       0
       0
       0
       0
       0
       0
       0
       0
       0
       0
       0
       0
       0
       0
       0
       0
       0
       0
       0
       0
       0
       0
       0
       0
       0
       0
       5
       3
       5
       4
      17
      29
      55
      65
      86
      90
     105
      97
      97
     121
     127
     128
     112
     153
     118
     155
     137
     144
     140
     162
     144
     154
     151
     161
     164
     159
     129
     147
     138
     159
     150
     159
     152
     164
     170
     167
     145
     152
     160
     157
     150
     144
     143
     141
     141
     148
     161
     152
     152
     153
     146
     135
     137
     149
     155
     138
     134
     159
     138
     164
     131
     161
     177
     122
     161
     156
     142
     164
     154
     150
     150
     160
     132
     131
     140
     183
     155
     154
     149
     164
     143
     173
     157
     136
     173
     146
     161
     151
     136
     151
     123
     157
     152
     143
     165
     150
     172
     140
     156
     167
     174
     144
     176
     157
     139
     160
     148
     153
     154
     137
     173
     176
     151
     128
     145
     148
     134
     171
     148
     158
     131
     171
     144
     152
     149
     130
     172
     157
     144
     157
     146
     164
     154
     134
     149
     127
     154
     138
     163
     160
     170
     160
     134
     138
     154
     138
     141
     145
     171
     143
     139
     133
     127
     131
     167
     143
     137
     135
     159
     154
     149
     164
     167
     157
     158
     130
     127
     144
     159
     130
     158
     161
     147
     124
     146
     146
     149
     120
     144
     163
     150
     143
     147
     136
     140
     124
     139
     143
     155
     143
     156
     155
     160
     154
     167
     121
     146
     165
     142
     150
     167
     160
     160
     171
     148
     183
     143
     181
     147
     180
     172
     159
     193
     160
     197
     171
     165
     185
     178
     196
     173
     179
     186
     173
     185
     176
     161
     182
     200
     176
     199
     177
     206
     184
     177
     191
     203
     161
     192
     181
     183
     196
     199
     197
     213
     199
     210
     215
     175
     221
     207
     185
     183
     182
     198
     181
     205
     179
     206
     194
     175
     174
     191
     166
     217
     179
     164
     183
     216
     178
     170
     163
     192
     156
     208
     197
     185
     190
     189
     172
     166
     166
     173
     169
     156
     165
     166
     169
     159
     171
     169
     159
     176
     174
     157
     153
     145
     182
     164
     169
     157
     151
     161
     165
     145
     145
     147
     169
     144
     160
     146
     145
     144
     137
     142
     142
     146
     142
     147
     152
     134
     153
     143
     130
     149
     127
     125
     154
     144
     143
     154
     137
     125
     140
     135
     143
     143
     125
     145
     139
     150
     118
     128
     109
     147
     158
     125
     143
     113
     126
     153
     148
     128
     127
     122
     144
     132
     147
     142
     143
     137
     136
     131
     137
     140
     131
     136
     155
     130
     133
     140
     111
     130
     128
     140
     133
     127
     136
     131
     141
     131
     133
     146
     129
     121
     135
     100
     118
     137
     115
     126
     117
     118
     113
     104
     131
     130
     128
     130
     125
     109
     120
     119
     117
     113
     151
     115
     126
     117
     129
     132
     121
     100
     100
      93
     124
     123
     119
     106
     108
     104
     114
      99
     126
     124
     104
     119
     115
     121
     104
     126
     138
     109
     139
     129
     108
     109
      99
     129
     105
     102
     116
     106
     117
     107
     112
     112
     105
     109
     117
     116
     111
      93
     116
     110
     105
     112
      97
     101
     121
     117
     102
     106
     105
     110
     111
     129
     108
     113
     114
      94
     102
     103
     107
     109
     104
     116
     104
     102
     109
      96
      92
     126
     111
     119
     118
      88
      81
     106
      96
     116
     110
     105
     102
      90
      86
     110
      87
      93
     110
      78
      95
      76
     104
     102
     109
     122
     114
     105
      93
     103
      91
     106
      90
     105
      99
      99
      90
     100
     111
     102
      87
     120
     120
      96
      92
     116
      96
     112
     105
     101
      78
      92
      90
      92
     100
     104
      98
      94
      93
      92
      68
      93
      83
     117
      99
      97
      79
     112
     123
     100
      99
     100
      97
      81
     116
     108
      96
      95
      80
      91
      91
      89
      91
      81
      86
      84
      90
      80
      86
      90
      83
     110
     116
      83
      88
      84
      99
      91
     109
      94
      94
      98
      97
      91
      73
      89
      88
      78
      80
      96
      74
      85
      86
      85
      82
     105
     102
     124
      93
      93
      82
      91
      87
      91
      89
      81
      89
      97
     104
      80
      90
      81
      84
      92
      91
      92
      78
     101
      89
      89
      93
     101
      77
      91
     103
      81
      92
      83
      98
      89
      79
      76
      83
      92
     103
      85
      69
      90
      89
      80
      86
      78
     105
     100
      82
     103
      80
      87
      88
      85
      72
      95
      75
      88
     101
      75
      91
      80
      82
      64
      66
      85
      86
     102
      68
      94
      80
      88
      98
      80
      93
      79
      94
      78
      94
      69
      95
      66
      75
     102
      82
      65
      60
      84
      85
      78
      89
      80
      74
      84
      91
      70
      89
      70
      71
      87
      72
      88
      93
      76
     102
      73
      69
      67
      77
      77
      93
     106
      68
      81
      73
      73
      88
      89
      75
      82
      72
      82
      92
      87
      64
      80
      97
      93
      73
      85
      76
      85
      70
      83
      84
      92
      87
      69
      87
      90
      77
      67
      64
      85
      82
      86
      73
      95
      98
      73
      77
      75
      73
      68
      88
      84
      88
      79
      66
      76
      81
      76
      89
      90
      86
      73
      77
      78
      79
      87
      64
      73
      85
      83
      70
      68
      77
      90
      77
      81
      70
      66
      61
      78
      86
      82
     106
      86
      77
      79
      69
      82
      72
      64
      77
      73
      77
      86
      80
      81
      66
      72
      74
      95
      90
      82
      87
      91
      75
      79
      84
      74
      88
      79
      71
      81
      78
      71
      84
      81
      95
      75
      69
      70
      92
      68
      74
      71
      81
      82
      74
      84
      75
      68
      76
      78
      83
      85
      85
      78
      76
      78
      69
      69
      82
      90
      76
      76
      80
      74
      74
      71
      74
      73
      59
      91
      65
      74
      75
      85
      75
      76
      62
      67
      81
      71
      98
      72
      68
      83
      68
      67
      86
      60
      72
      75
      82
      67
     101
      79
      75
      70
      70
      76
      66
      86
      80
      82
      83
      62
      68
      65
      83
      88
      65
      70
      64
      86
      99
      81
      78
      79
      70
      81
      79
      71
      87
      79
      76
      82
      71
      81
      74
      76
      72
      80
      67
      74
      70
      74
      73
      72
      78
      72
      73
      78
      78
      80
      82
      78
      75
      72
      61
      92
      88
      68
      95
      69
      81
      76
      91
      73
      68
      81
      76
      71
      77
      74
      91
      73
      86
      65
      61
      66
      79
      82
      95
     104
      74
      74
      71
      58
      71
      72
      80
      84
      76
      67
      64
      73
      80
      65
      69
      85
      72
      81
      93
      80
      82
      70
      87
      73
      71
      82
      66
      74
      77
      79
      83
      75
      61
      80
      63
      78
      85
      87
      68
      76
      78
      73
      94
     101
      76
      69
      85
      60
      77
      65
      89
      96
      60
      93
      74
      66
      73
      60
      79
      73
      77
      68
      79
      81
      66
      84
      69
      98
      79
      83
      75
      66
      80
      80
      64
      67
      87
      55
      79
      77
      80
      74
      80
      70
      67
      89
      80
      64
      77
      66
      86
      66
      66
      69
      69
      87
      71
      88
      69
      72
      69
      80
      75
      84
      79
      83
      74
      78
      73
      76
      55
      75
      76
      63
      75
      77
      63
      86
      66
      63
      78
      69
      64
      73
      75
      75
      87
      78
      85
      68
      75
      93
      84
      71
      63
      71
      76
      64
      61
      77
      71
      69
      61
      81
      54
      79
      64
      73
      64
      58
      75
      74
      77
      72
      84
      80
      64
      81
      79
      60
      79
      91
      74
      87
      83
      80
      81
      82
      85
      86
      77
      91
      80
      89
      87
      79
      72
      68
      72
      74
      85
      75
      88
      59
      79
      78
      59
      55
      73
      83
      92
      76
      76
      74
      60
      66
      73
      74
      61
      76
      77
      82
      64
      78
      80
      83
      74
      76
      77
      82
      87
      69
      90
      79
      88
      75
      74
      86
      78
      75
      77
      72
      92
      77
      80
      82
      84
      84
      89
      86
      79
      86
      86
      77
      69
      79
      79
      70
      77
      95
      77
      90
      69
      86
      81
      84
      70
      90
      75
      73
      66
      78
      85
      85
      87
      76
      82
      71
      69
      72
      76
      69
      78
      68
      88
      93
      98
      92
      57
      65
      84
      75
      86
      77
      84
      86
      73
      70
      86
      81
      88
      95
      70
      85
      81
      89
      72
      81
      98
      83
      64
      72
      71
      77
      84
      72
     106
      76
      76
      59
      78
      67
      80
      85
      73
      83
      90
      86
      96
      68
      72
      72
      78
      73
      77
      74
      77
      89
      72
      68
      80
      95
      85
      78
      77
      83
      79
      78
      92
      62
      79
      78
      76
      92
      84
      82
      87
      82
      63
      75
      66
      92
      89
      76
     107
      77
      79
      96
      91
      67
      84
      67
      80
      80
      92
      78
      90
      85
      87
      86
      75
      83
      88
      76
      86
      85
     101
      88
      89
     100
      73
      73
      86
      68
      93
      85
      79
      99
      84
      87
      86
      90
     100
      80
      95
      90
      78
      85
      85
      75
      88
      93
      91
      81
     104
      86
      77
      94
      83
      68
      90
      99
      84
      82
     100
      79
      84
      85
      83
      66
     109
      87
     100
      66
      78
      81
      66
      92
      99
      84
      74
      87
      81
     102
      82
      83
     101
      94
      78
      85
      91
      88
      89
      75
     105
     117
      71
      97
      76
      88
      89
      84
      86
      91
      90
      96
     102
      97
      85
      81
      88
      79
      90
      74
      85
      76
      80
      98
      79
      76
      76
      97
      93
     106
      91
      82
      86
      93
      94
     103
      88
     101
      96
      91
      97
      81
     111
      84
      87
      97
      77
      94
      88
      77
      93
      95
      85
      94
      79
      86
      82
     106
      84
      87
      87
      72
      69
      97
      76
      86
      75
      92
      89
     106
      66
      79
      79
      84
      86
     100
      77
      96
      99
      90
      96
      87
     105
      83
     100
      82
      87
      76
      93
      89
      90
     110
      77
     100
      96
      85
      83
     107
     101
      76
      76
      97
      86
      79
      91
      77
      82
      63
      99
      82
      85
      91
      83
      84
      87
      77
      91
      70
      77
     107
      74
      87
      90
      73
      78
      67
      86
      76
      98
      84
      84
      94
      88
      73
      78
      72
      94
      88
      83
      90
      91
      75
      82
      82
      82
      83
      65
      88
      81
      80
      66
      82
      81
      69
      67
      65
      80
      76
      73
      72
      81
      87
      92
      79
      74
      82
      64
      80
      77
      86
      81
      60
      76
      76
      74
      68
      91
      58
      78
      77
      77
      59
      64
      72
      75
      65
      67
      59
      73
      82
      59
      65
      64
      75
      74
      65
      64
      76
      67
      62
      68
      64
      84
      55
      75
      71
      66
      62
      73
      46
      62
      61
      56
      50
      75
      59
      59
      55
      75
      57
      77
      50
      65
      64
      59
      61
      62
      57
      45
      55
      64
      69
      58
      53
      52
      60
      43
      57
      60
      58
      57
      55
      59
      60
      61
      62
      73
      57
      65
      49
      56
      54
      52
      66
      57
      60
      62
      58
      57
      53
      63
      54
      44
      52
      62
      52
      67
      49
      62
      63
      58
      59
      65
      67
      63
      53
      54
      63
      58
      64
      38
      39
      51
      62
      60
      47
      51
      55
      51
      70
      63
      54
      71
      61
      54
      60
      39
      58
      64
      37
      62
      55
      46
      55
      65
      56
      61
      57
      49
      63
      52
      40
      42
      50
      65
      54
      46
      46
      56
      46
      58
      56
      65
      48
      47
      55
      57
      55
      52
      54
      47
      53
      60
      50
      57
      55
      59
      62
      52
      58
      66
      41
      52
      54
      60
      56
      56
      53
      40
      53
      56
      52
      48
      55
      41
      48
      41
      55
      50
      66
      60
      48
      60
      44
      49
      49
      40
      53
      65
      43
      73
      62
      58
      55
      43
      45
      42
      53
      52
      52
      55
      59
      43
      46
      43
      51
      59
      33
      61
      41
      47
      49
      63
      50
      43
      46
      50
      56
      66
      42
      56
      58
      50
      51
      60
      50
      54
      50
      41
      54
      44
      58
      48
      40
      46
      50
      65
      46
      67
      43
      58
      56
      41
      51
      64
      42
      55
      69
      47
      57
      46
      50
      61
      56
      51
      45
      70
      52
      61
      46
      56
      67
      57
      58
      66
      54
      45
      74
      60
      76
      56
      68
      66
      68
      57
      70
      72
      67
      47
      61
      73
      72
      70
      81
      74
      84
      60
      73
      78
      79
      94
      76
      63
      72
      79
      76
      68
      73
      93
      82
      89
      66
     106
      77
      89
      79
      96
      97
     105
     100
     107
     113
      97
      98
     107
     105
     110
     104
     128
     108
     112
     120
     128
     130
     126
     159
     112
     153
     123
     155
     128
     122
     141
     138
     128
     132
     138
     132
     159
     156
     159
     159
     145
     138
     146
     167
     192
     144
     164
     167
     184
     167
     186
     182
     163
     158
     181
     185
     181
     160
     180
     165
     202
     175
     168
     174
     181
     169
     188
     145
     195
     186
     193
     170
     181
     181
     164
     197
     191
     198
     176
     165
     185
     191
     192
     178
     193
     161
     182
     190
     175
     160
     189
     169
     184
     168
     182
     171
     181
     172
     160
     190
     176
     175
     147
     161
     140
     146
     156
     150
     149
     143
     150
     149
     174
     135
     165
     145
     139
     159
     138
     130
     138
     123
     118
     126
     136
     103
     132
     115
     108
     136
     102
     119
     145
     103
     103
     101
     116
      95
     107
      89
      93
      91
      73
      79
      88
      80
     101
      73
      69
      81
      84
      83
      74
      80
      76
      69
      65
      61
      57
      64
      69
      70
      46
      59
      66
      47
      58
      60
      42
      47
      65
      44
      52
      65
      41
      48
      47
      46
      45
      40
      41
      55
      36
      36
      31
      42
      33
      39
      39
      30
      27
      29
      31
      24
      26
      31
      23
      21
      31
      33
      31
      22
      29
      36
      21
      27
      39
      22
      35
      24
      14
      23
      17
      27
      30
      19
      28
      23
      44
      21
      21
      29
      25
      36
      25
      29
      24
      30
      37
      25
      31
      32
      17
      28
      32
      26
      23
      26
      41
      22
      29
      29
      30
      36
      25
      42
      31
      46
      41
      50
      32
      28
      39
      38
      44
      60
      42
      40
      43
      56
      58
      43
      34
      59
      53
      52
      50
      37
      51
      57
      58
      55
      55
      64
      56
      73
      65
      58
      57
      61
      59
      80
      78
      69
      72
      76
      89
      92
      86
      81
      89
      77
      79
      83
     104
      98
      71
      93
      83
     104
     100
      97
      81
     106
     112
      93
     111
     132
     113
      97
     112
     106
     112
     112
     110
     127
     113
     134
     118
     132
     125
     118
     108
     121
     124
     131
     119
     132
     124
     141
     141
     147
     126
     142
     143
     120
     125
     150
     135
     156
     151
     157
     129
     128
     121
     166
     138
     167
     148
     142
     128
     155
     137
     136
     147
     160
     159
     146
     131
     147
     144
     149
     143
     154
     133
     154
     151
     154
     150
     151
     136
     132
     135
     139
     149
     126
     147
     139
     144
     132
     130
     119
     136
     142
     130
     117
     130
     120
     133
     133
     147
     123
     101
     101
     120
     118
     114
      89
     100
     127
      89
      94
     104
      82
     116
      84
      94
      96
      88
      92
     113
      84
      71
      96
      95
      75
      80
      95
      67
      97
      86
      81
      66
      71
      77
      61
      66
      79
      67
      64
      53
      53
      58
      53
      62
      52
      66
      70
      65
      49
      59
      46
      69
      55
      54
      49
      43
      51
      42
      40
      47
      50
      44
      48
      34
      44
      33
      41
      39
      24
      28
      28
      37
      33
      17
      37
      29
      15
      28
      27
      22
      29
      31
      18
      22
      25
      21
      20
      27
      16
      13
      17
      12
      15
      17
      20
      15
      22
      20
      18
      22
      10
      19
      14
      12
      11
      13
       7
       9
      10
       8
      10
      15
      11
       8
      12
      12
      11
       4
      14
       9
       9
      15
       8
       4
       9
       7
       4
       7
       4
       8
       5
       4
       8
       6
       8
       6
       9
       4
       3
       7
       5
       3
       6
       7
       7
       2
       5
       6
       4
       2
       4
       4
       4
       2
       7
       3
       3
       1
       5
       5
       2
       3
       3
       2
       3
       5
       2
       3
       2
       3
       4
       3
       2
       6
       4
       2
       5
       1
       0
       3
       0
       1
       2
       4
       2
       2
       1
       1
       3
       3
       1
       1
       6
       4
       1
       2
       2
       1
       4
       4
       0
       3
       1
       0
       2
       2
       3
       4
       3
       6
       5
       3
       3
       2
       2
       0
       1
       2
       0
       2
       2
       0
       1
       2
       2
       1
       0
       1
       1
       1
       1
       1
       1
       2
       4
       0
       2
       1
       0
       4
       3
       1
       4
       2
       0
       1
       0
       3
       2
       2
       3
       2
       2
       1
       2
       3
       2
       0
       0
       1
       1
       2
       0
       1
       2
       2
       2
       1
       2
       4
       1
       1
       1
       2
       0
       1
       1
       3
       0
       4
       1
       0
       1
       1
       1
       0
       1
       0
       1
       0
       1
       1
       1
       0
       1
       2
       2
       1
       0
       2
       0
       1
       0
       0
       1
       1
       1
       1
       0
       0
       2
       2
       1
       1
       0
       0
       0
       0
       1
       0
       1
       2
       4
       0
       0
       0
       1
       0
       1
       1
       2
       0
       2
       0
       1
       1
       0
       0
       2
       0
       1
       0
       1
       2
       1
       0
       1
       2
       1
       0
       1
       0
       0
       0
       1
       0
       1
       0
       0
       0
       1
       1
       0
       0
       0
       1
       1
       0
       2
       0
       1
       1
       0
       1
       0
       0
       0
       0
       0
       1
       1
       0
       0
       1
       0
       0
       1
       2
       1
       0
       1
       2
       2
       2
       0
       2
       0
       0
       0
       0
       0
       0
       1
       0
       1
       1
       2
       0
       1
       0
       0
       1
       0
       1
       0
       1
       1
       1
       0
       0
       0
       0
       0
       1
       0
       0
       1
       0
       0
       0
       1
       1
       0
       2
       0
       1
       2
       0
       1
       0
       0
       0
       2
       0
       2
       1
       1
       0
       1
       0
       1
       0
       0
       1
       0
       0
       0
       1
       0
       0
       2
       1
       0
       0
       1
       0
       1
       0
       1
       1
       0
       0
       0
       0
       0
       0
       1
       1
       0
       2
       3
       1
       0
       1
       0
       1
       0
       1
       0
       2
       0
       0
       0
       1
       1
       0
       0
       0
       0
       0
       1
       0
       0
       1
       3
       1
       1
       0
       1
       1
       0
       1
       0
       0
       2
       1
       1
       1
       0
       0
       0
       0
       0
       2
       0
       1
       0
       0
       0
       1
       1
       3
       2
       1
       1
       0
       1
       1
       1
       0
       0
       1
       2
       0
       0
       0
       0
       0
       0
       0
       2
       0
       1
       0
       0
       0
       0
       0
       0
       1
       0
       0
       1
       0
       0
       0
       2
       1
       1
       0
       0
       0
       0
       0
       0
       2
       2
       1
       1
       0
       0
       1
       1
       2
       0
       1
       0
       1
       0
       0
       0
       0
       0
       0
       0
       0
       0
       0
       0
       0
       2
       0
       0
       0
       0
       1
       2
       0
       1
       0
       0
       0
       3
       2
       1
       0
       1
       1
       1
       0
       0
       0
       0
       0
       0
       1
       0
       0
       0
       1
       0
       1
       3
       2
       0
       0
       0
       0
       0
       0
       1
       0
       1
       0
       0
       0
       0
       0
       1
       1
       1
       1
       1
       0
       0
       0
       1
       1
       0
       0
       0
       0
       0
       1
       1
       1
       0
       0
       1
       0
       1
       1
       0
       0
       0
       0
       0
       1
       0
       1
       0
       1
       2
       0
       2
       2
       0
       0
       1
       1
       2
       0
       0
       1
       1
       0
       1
       1
       1
       1
       2
       1
       0
       0
       0
       0
       0
       0
       1
       1
       0
       1
       0
       1
       0
       0
       2
       1
       0
       2
       0
       3
       2
       0
       0
       0
       0
       1
       0
       0
       1
       1
       2
       0
       1
       0
       1
       0
       1
       0
       0
       0
       1
       1
       0
       1
       0
       0
       1
       0
       0
       2
       1
       0
       1
       2
       2
       0
       2
       1
       1
       0
       0
       0
       2
       0
       0
       0
       3
       0
       2
       0
       1
       0
       2
       0
       0
       0
       0
       0
       0
       0
       0
       1
       0
       2
       0
       0
       1
       1
       0
       2
       1
       1
       2
       1
       1
       1
       0
       0
       1
       1
       0
       1
       0
       1
       1
       1
       0
       1
       0
       0
       0
       0
       1
       0
       1
       0
       1
       0
       0
       0
       1
       0
       1
       0
       0
       2
       1
       1
       0
       0
       1
       0
       2
       1
       1
       1
       2
       0
       0
       0
       1
       0
       0
       1
       0
       0
       0
       0
       0
       0
       0
       1
       0
       0
       1
       0
       0
       0
       1
       0
       0
       0
       1
       1
       1
       0
       1
       0
       0
       0
       3
       2
       0
       0
       0
       1
       1
       0
       0
       0
       0
       1
       0
       0
       0
       0
       0
       1
       1
       1
       1
       0
       0
       0
       0
       0
       0
       0
       0
       0
       0
       2
       0
       0
       1
       1
       0
       2
       1
       0
       0
       0
       0
       2
       0
       0
       0
       0
       0
       1
       1
       2
       1
       0
       0
       0
       0
       0
       0
       0
       0
       0
       2
       1
       0
       1
       0
       1
       0
       1
       0
       1
       0
       1
       0
       0
       0
       0
       0
       0
       0
       0
       0
       0
       2
       1
       0
       1
       0
       0
       1
       0
       0
       0
       1
       2
       1
       0
       0
       1
       0
       1
       0
       0
       0
       0
       0
       0
       1
       0
       0
       1
       0
       0
       0
       0
       0
       0
       0
       1
       1
       2
       0
       0
       1
       0
       0
       2
       0
       0
       0
       0
       1
       0
       0
       0
       0
       0
       0
       1
       0
       1
       0
       1
       0
       1
       0
       0
       1
       1
       1
       0
       0
       0
       1
       1
       0
       0
       1
       0
       0
       1
       1
       0
       0
       1
       1
       0
       0
       1
       1
       0
       0
       2
       1
       0
       2
       2
       0
       0
       0
       0
       0
       0
       0
       0
       0
       0
       0
       1
       1
       1
       0
       0
       0
       0
       2
       0
       0
       1
       1
       0
       0
       0
       0
       0
       0
       0
       2
       0
       0
       0
       0
       0
       0
       0
       0
       0
       0
       1
       0
       0
       2
       1
       0
       0
       0
       0
       0
       0
       1
       0
       0
       0
       1
       0
       1
       0
       1
       0
       1
       0
       1
       0
       1
       1
       0
       0
       1
       0
       0
       2
       0
       0
       0
       0
       0
       1
       0
       1
       1
       0
       1
       0
       1
       0
       1
       1
       1
       0
       1
       0
       0
       0
       1
       0
       0
       0
       0
       1
       1
       0
       0
       0
       0
       1
       0
       1
       0
       0
       0
       0
       0
       1
       0
       0
       0
       0
       0
       0
       0
       2
       0
       1
       0
       0
       0
       0
       0
       0
       0
       0
       0
       1
       0
       2
       0
       0
       1
       0
       0
       0
       1
       0
       0
       2
       0
       0
       1
       0
       0
       0
       2
       0
       1
       0
       0
       1
       0
       1
       0
       0
       0
       0
       0
       0
       0
       0
       1
       1
       0
       0
       0
       0
       0
       0
       1
       0
       0
       0
       1
       0
       1
       0
       0
       0
       0
       0
       0
       1
       0
       0
       0
       0
       1
       0
       0
       2
       0
       0
       1
       0
       1
       0
       0
       0
       2
       0
       1
       0
       2
       0
       1
       0
       0
       1
       1
       0
       1
       0
       0
       1
       0
       0
       0
       0
       0
       0
       0
       0
       0
       0
       0
       0
       0
       0
       1
       1
       1
       0
       2
       1
       0
       2
       1
       0
       0
       1
       0
       0
       0
       0
       1
       1
       0
       0
       2
       1
       1
       2
       0
       0
       1
       0
       1
       0
       0
       0
       1
       0
       1
       0
       0
       0
       1
       0
       1
       0
       1
       0
       0
       0
       1
       0
       0
       0
       1
       0
       1
       1
       1
       0
       0
       1
       2
       0
       0
       1
       0
       1
       0
       0
       1
       0
       0
       0
       0
       0
       1
       1
       0
       0
       0
       0
       0
       0
       1
       1
       0
       0
       1
       0
       2
       0
       1
       1
       0
       1
       0
       1
       0
       0
       1
       0
       0
       1
       0
       1
       0
       0
       0
       0
       0
       1
       1
       0
       0
       2
       0
       0
       0
       0
       2
       0
       1
       0
       0
       1
       0
       1
       1
       0
       0
       0
       0
       1
       2
       0
       0
       0
       0
       2
       1
       0
       1
       1
       0
       0
       1
       0
       0
       0
       0
       1
       1
       0
       0
       1
       0
       0
       2
       1
       1
       0
       0
       0
       0
       0
       0
       0
       0
       1
       0
       0
       0
       0
       1
       0
       1
       0
       0
       0
       0
       1
       1
       0
       0
       1
       1
       0
       0
       1
       3
       0
       2
       0
       1
       0
       0
       1
       0
       0
       1
       0
       0
       0
       0
       0
       1
       2
       0
       0
       0
       0
       1
       0
       1
       0
       0
       2
       0
       0
       0
       1
       0
       1
       0
       1
       1
       0
       0
       1
       2
       0
       0
       0
       1
       1
       0
       0
       0
       0
       0
       1
       1
       0
       0
       0
       1
       0
       0
       0
       1
       0
       0
       0
       1
       0
       0
       0
       0
       0
       0
       0
       0
       1
       0
       0
       0
       0
       0
       1
       0
       0
       0
       0
       1
       0
       0
       0
       0
       0
       0
       0
       1
       0
       1
       3
       0
       0
       0
       0
       0
       0
       2
       1
       1
       0
       1
       0
       0
       0
       0
       0
       1
       0
       0
       0
       0
       1
       0
       0
       0
       0
       1
       0
       0
       0
       0
       1
       1
       0
       1
       0
       0
       1
       0
       0
       1
       0
       0
       0
       1
       1
       1
       1
       0
       0
       0
       0
       0
       0
       0
       0
       0
       0
       0
       0
       0
       0
       0
       0
       0
       0
       0
       0
       1
       1
       0
       0
       0
       1
       0
       0
       0
       0
       0
       0
       0
       0
       0
       0
       0
       0
       0
       0
       0
       0
       1
       0
       1
       0
       1
       0
       1
       0
       1
       0
       1
       3
       0
       0
       0
       0
       0
       0
       0
       1
       0
       0
       0
       0
       1
       0
       0
       0
       1
       0
       1
       0
       0
       0
       0
       0
       0
       0
       0
       0
       0
       0
       0
       0
       0
       0
       1
       1
       0
       1
       0
       1
       0
       1
       0
       0
       1
       1
       0
       0
       0
       0
       0
       1
       0
       3
       0
       0
       2
       0
       0
       0
       1
       0
       1
       1
       2
       1
       0
       0
       1
       0
       0
       0
       0
       2
       1
       2
       0
       0
       1
       0
       1
       0
       0
       0
       1
       3
       1
       0
       1
       1
       1
       0
       0
       1
       0
       0
       0
       1
       0
       0
       0
       1
       0
       3
       1
       0
       0
       0
       0
       1
       0
       0
       0
       1
       0
       2
       0
       1
       0
       0
       0
       2
       0
       0
       1
       0
       0
       0
       0
       1
       0
       0
       0
       0
       1
       1
       0
       0
       0
       0
       0
       0
       0
       0
       0
       0
       0
       0
       0
       0
       0
       1
       0
       0
       1
       0
       0
       1
       0
       0
       0
       0
       0
       0
       1
       0
       0
       0
       1
       0
       1
       0
       0
       0
       0
       0
       0
       0
       0
       0
       0
       1
       0
       1
       0
       0
       0
       0
       1
       0
       0
       0
       0
       0
       0
       0
       1
       0
       0
       0
       0
       0
       0
       0
       0
       1
       0
       0
       0
       0
       0
       0
       0
       0
       0
       0
       0
       1
       1
       0
       0
       0
       0
       0
       0
       0
       0
       0
       0
       0
       0
       0
       0
       0
       0
       0
       0
       0
       0
       0
       0
       0
       0
       0
       0
       0
       0
       0
       0
       0
       0
       0
       0
       0
       0
       0
       0
       0
       0
       0
       0
       0
       0
       0
       0
       0
       0
       0
       0
       0
       0
       0
       0
       0
       0
       0
       0
       0
       0
       0
       0
       0
       0
       0
       0
       0
       0
       0
       0
       0
       0
       0
       0
       0
       0
       0
       0
       0
       0
       0
       0
       0
       0
       0
       0
       0
       0
       0
       0
       0
       0
       0
       0
       0
       0
       0
       0
       0
       0
       0
       0
       0
       0
       0
       0
       0
       0
       0
       0
       0
       0
       0
       0
       0
       0
       0
       0
       0
       0
       0
       0
       0
       0
       0
       0
       0
       0
       0
       0
       0
       0
       0
       0
       0
       0
       0
       0
       0
       0
       0
       0
       0
       0
       0
       0
       0
       0
       0
       0
       0
       0
       0
       0
       0
       0
       0
       0
       1
       0
       0
       0
       0
       0
       0
       0
       0
       0
       0
       0
       0
       0
       0
       0
       0
       0
       0
       0
       0
       0
       0
       0
       0
       0
       0
       0
       0
       0
       0
       0
       0
       0
       0
       0
       0
       0
       0
       0
       0
       0
       0
       0
       0
       0
       0
       0
       0
       0
       0
       0
       0
       0
       0
       0
       0
       0
       0
       0
       0
       0
       0
       0
       0
       0
       0
       0
       0
       0
       0
       0
       0
       0
       0
       0
       0
       0
       0
       0
       0
       0
       0
       0
       0
       0
       0
       0
       0
       0
       0
       0
       0
       0
       0
       0
       0
       0
       0
       0
       0
       0
       0
       0
       0
       0
       0
       0
       0
       0
       0
       0
       0
       0
       0
       0
       0
       0
       0
       0
       0
       0
       0
       0
       0
       0
       0
       0
       0
       0
       0
       0
       0
       0
       0
       0
       0
       0
       1
       0
       0
       0
       0
       0
       0
       0
       0
       0
       0
       0
       0
       0
       0
       0
       0
       0
       0
       0
       0
       0
       0
       0
       0
       0
       0
       0
       0
       0
       0
       0
       0
       0
       0
       0
       0
       0
       0
       0
       0
       0
       0
       0
       0
       0
       0
       0
       0
       0
       0
       0
       0
       0
       0
       0
       0
       0
       0
       0
       0
       0
       0
       0
       0
       0
       0
       0
       0
       0
       0
       0
       0
       0
       0
       0
       0
       0
       0
       0
       0
       0
       0
       0
       0
       0
       0
       0
       0
       0
       0
       0
       1
       0
       0
       0
       0
       0
       1
       0
       0
       0
       0
       0
       0
       0
       0
       0
       0
       0
       0
       0
       0
       0
       0
       0
       0
       0
       0
       0
       0
       0
       0
       0
       0
       0
       0
       0
       1
       0
       0
       0
       0
       0
       0
       0
       0
       0
       0
       0
       0
       0
       0
       0
       0
       0
       0
       0
       0
       0
       0
       0
       0
       0
       0
       0
       0
       0
       0
       0
       0
       0
       0
       0
       0
       0
       0
       0
       0
       0
       0
       0
       0
       0
       0
       1
       0
       0
       0
       0
       0
       0
       0
       0
       0
       0
       0
       0
       0
       0
       0
       0
       0
       0
       0
       0
       0
       0
       0
       0
       1
       0
       0
       0
       0
       0
       0
       0
       0
       0
       0
       0
       0
       0
       0
       0
       0
       0
       0
       0
       0
       0
       0
       0
       0
       0
       0
       0
       0
       0
       0
       0
       0
       0
       0
       0
       0
       0
       0
       0
       0
       0
       0
       0
       0
       0
       0
       0
       0
       0
       0
       0
       0
       0
       0
       0
       0
       0
       0
       0
       0
       0
       1
       0
       0
       0
       0
       0
       0
       0
       0
       0
       0
       0
       0
       0
       0
       0
       0
       0
       0
       0
       0
       0
       0
       0
       0
       0
       0
       0
       0
       0
       0
       0
       0
       0
       0
       0
       0
       0
       0
       0
       0
       0
       0
       0
       0
       0
       0
       0
       0
       0
       0
       0
       0
       0
       0
       0
       0
       0
       0
       0
       0
       0
       0
       0
       0
       0
       0
       0
       0
       0
       0
       0
       0
       0
       0
       0
       1
       0
       0
       0
       0
       0
       0
       0
       0
       0
       0
       0
       0
       0
       0
       0
       0
       0
       0
       0
       0
       0
       0
       0
       0
       0
       0
       0
       0
       0
       0
       0
       0
       0
       0
       1
       0
       0
       0
       0
       0
       0
       0
       0
       0
       0
       0
       0
       0
       0
       0
       0
       0
       1
       0
       0
       0
       0
       0
       0
       0
       0
       0
       0
       0
       0
       0
       0
       0
       0
       0
       0
       0
       0
       0
       0
       0
       0
       0
       0
       0
       0
       0
       0
       0
       0
       0
       1
       0
       0
       0
       0
       0
       0
       0
       0
       0
       0
       0
       0
       0
       0
       1
       0
       0
       0
       0
       0
       1
       0
       0
       0
       0
       0
       0
       0
       0
       0
       0
       0
       0
       0
       0
       0
       0
       0
       0
       0
       0
       0
       0
       0
       1
       0
       0
       0
       0
       0
       0
       0
       0
       0
       0
       0
       0
       0
       0
       0
       0
       0
       0
       0
       1
       0
       0
       0
       0
       0
       0
       0
       0
       0
       0
       0
       0
       0
       0
       0
       0
       0
       0
       0
       0
       0
       0
       0
       0
       0
       0
       0
       1
       0
       0
       0
       1
       0
       0
       1
       0
       0
       0
       0
       0
       0
       0
       0
       0
       0
       1
       0
       0
       0
       0
       0
       0
       0
       1
       0
       0
       0
       0
       0
       0
       0
       0
       0
       0
       1
       0
       1
       0
       0
       0
       0
       0
       0
       0
       0
       0
       0
       0
       0
       0
       0
       0
       1
       0
       0
       0
       0
       0
       0
       0
       0
       0
       0
       0
       0
       0
       0
       0
       0
       0
       0
       0
       0
       0
       0
       0
       0
       0
       0
       1
       0
       1
       0
       0
       0
       0
       0
       0
       0
       0
       0
       0
       0
       0
       1
       0
       1
       1
       0
       0
       2
       0
       0
       0
       0
       0
       0
       0
       0
       0
       0
       1
       0
       0
       1
       0
       0
       0
       0
       0
       0
       0
       0
       0
       0
       0
       0
       0
       0
       0
       0
       1
       0
       0
       0
       0
       0
       0
       2
       0
       1
       1
       1
       0
       0
       0
       0
       0
       0
       0
       0
       0
       0
       0
       0
       1
       0
       0
       0
       0
       0
       0
       0
       0
       1
       0
       1
       0
       0
       0
       0
       1
       2
       1
       0
       1
       0
       1
       1
       0
       0
       1
       0
       0
       0
       2
       0
       0
       0
       0
       0
       0
       0
       1
       0
       0
       0
       0
       0
       0
       0
       0
       0
       0
       0
       0
       0
       0
       0
       0
       0
       0
       0
       0
       0
       1
       0
       0
       0
       0
       0
       0
       0
       0
       0
       0
       0
       1
       0
       0
       0
       1
       0
       0
       0
       0
       0
       0
       0
       0
       1
       0
       0
       0
       0
       0
       0
       0
       0
       0
       0
       1
       0
       0
       0
       0
       0
       0
       0
       0
       0
       0
       0
       0
       0
       0
       0
       0
       0
       0
       0
       0
       0
       0
       0
       0
       0
       0
       0
       0
       0
       1
       0
       0
       0
       0
       0
       0
       0
       0
       0
       0
       0
       0
       0
       1
       1
       0
       0
       0
       0
       0
       0
       0
       0
       0
       0
       0
       0
       0
       0
       0
       0
       0
       0
       0
       0
       0
       0
       0
       0
       0
       0
       0
       0
       0
       0
       0
       0
       0
       0
       0
       0
       0
       0
       0
       0
       0
       0
       0
       0
       0
       0
       0
       0
       0
       0
       0
       0
       0
       0
       0
       0
       0
       0
       0
       0
       0
       0
       0
       0
       1
       0
       0
       0
       0
       0
       0
       0
       0
       0
       0
       0
       0
       0
       0
       0
       0
       0
       0
       0
       0
       0
       0
       0
       0
       0
       0
       0
       0
       0
       0
       0
       0
       0
       0
       0
       0
       0
       0
       0
       0
       0
       0
       0
       0
       0
       0
       0
       0
       0
       0
       0
       0
       0
       0
       0
       0
       0
       0
       0
       0
       0
       0
       0
       0
       0
       0
       0
       0
       0
       0
       0
       0
       0
       0
       0
       0
       0
       0
       0
       0
       0
       0
       0
       0
       0
       0
       0
       0
       0
       0
       0
       0
       0
       0
       0
       0
       0
       0
       0
       0
       0
       0
       0
       0
       0
       0
       0
       0
       0
       0
       0
       0
       0
       0
       0
       0
       0
       0
       0
       0
       0
       0
       0
       0
       0
       0
       0
       0
       0
       0
       0
       0
       1
       0
       0
       0
       0
       0
       0
       0
       1
       0
       0
       0
       0
       0
       0
       0
       0
       0
       0
       0
       0
       0
       0
       0
       0
       0
       1
       0
       0
       0
       0
       0
       0
       0
       0
       0
       0
       0
       0
       0
       0
       0
       0
       0
       0
       0
       0
       0
       0
       0
       0
       0
       0
       0
       0
       0
       0
       0
       0
       0
       0
       0
       0
       0
       0
       0
       0
       0
       0
       0
       0
       0
       0
       0
       0
       0
       0
       0
       0
       0
       0
       0
       0
       0
       0
       0
       0
       0
       0
       0
       0
       0
       0
       0
       0
       0
       0
       0
       0
       0
       0
       0
       0
       0
       0
       0
       0
       0
       0
       0
       0
       0
       0
       0
       0
       0
       0
       0
       0
       0
       0
       0
       0
       0
       0
       0
       0
       0
       0
       0
       0
       0
       0
       0
       0
       0
       0
       0
       0
       0
       0
       0
       0
       0
       0
       0
       0
       0
       0
       0
       0
       0
       0
       0
       0
       0
       0
       0
       0
       0
       0
       0
       0
       0
       0
       0
       0
       0
       0
       0
       0
       0
       0
       0
       0
       0
       0
       0
       0
       0
       0
       0
       0
       0
       0
       0
       0
       0
       0
       0
       0
       0
       0
       0
       0
       0
       0
       0
       0
       0
       0
       0
       0
       0
       0
       0
       0
       0
       0
       0
       0
       0
       0
       0
       0
       0
       0
       0
       0
       0
       0
       0
       0
       0
       0
       0
       0
       0
       0
       0
       0
       0
       0
       0
       0
       0
       0
       0
       0
       0
       0
       0
       0
       0
       0
       0
       0
       0
       0
       0
       0
       0
       0
       0
       0
       0
       0
       0
       0
       0
       0
       0
       0
       0
       0
       0
       0
       0
       0
       0
       0
       0
       0
       0
       0
       0
       0
       0
       0
       0
       0
       0
       0
       0
       0
       0
       0
       0
       0
       0
       0
       0
       0
       0
       0
       0
       0
       0
       0
       0
       0
       0
       0
       0
       0
       0
       0
       0
       0
       0
       0
       0
       0
       0
       0
       0
       0
       0
       0
       0
       0
       0
       0
       0
       0
       0
       0
       0
       0
       0
       0
       0
       0
       0
       0
       0
       0
       0
       0
       0
       0
       0
       0
       0
       0
       0
       0
       0
       0
       0
       0
       0
       0
       0
       0
       0
       0
       0
       0
       0
       0
       0
       0
       0
       0
       0
       0
       0
       0
       0
       0
       0
       0
       0
       0
       0
       0
       0
       0
       0
       0
       0
       0
       0
       0
       0
       0
       0
       0
       0
       0
       0
       0
       0
       0
       0
       0
       0
       0
       0
       0
       0
       0
       0
       0
       0
       0
       0
       0
       0
       0
       0
       0
       0
       0
       0
       0
       0
       0
       0
       0
       0
       0
       0
       0
       0
       0
       0
       0
       0
       0
       0
       0
       0
       0
       0
       0
       0
       0
       0
       0
       0
       0
       0
       0
       0
       0
       0
       0
       0
       0
       0
       0
       0
       0
       0
       0
       0
       0
       0
       0
       0
       0
       0
       0
       0
       0
       0
       0
       0
       0
       0
       0
       0
       0
       0
       0
       0
       0
       0
       0
       0
       0
       0
       0
       0
       0
       0
       0
       0
       0
       0
       0
       0
       0
       0
       0
       0
       0
       0
       0
       0
       0
       0
       0
       0
       0
       0
       0
       0
       0
       0
       0
       0
       0
       0
       0
       0
       0
       0
       0
       0
       0
       0
       0
       0
       0
       0
       0
       0
       0
       0
       0
       0
       0
       0
       0
       0
       0
       0
       0
       0
       0
       0
       0
       0
       0
       0
       0
       0
       0
       0
       0
       0
       0
       0
       0
       0
       0
       0
       0
       0
       0
       0
       0
       0
       0
       0
       0
       0
       0
       0
       0
       0
       0
       0
       0
       0
       0
       0
       0
       0
       0
       0
       0
       0
       0
       0
       0
       0
       0
       0
       0
       0
       0
       0
       0
       0
       0
       0
       0
       0
       0
       0
       0
       0
       0
       0
       0
       0
       0
       0
       0
       0
       0
       0
       0
       0
       0
       0
       0
       0
       0
       0
       0
       0
       0
       0
       0
       0
       0
       0
       0
       0
       0
       0
       0
       0
       0
       0
       0
       0
       0
       0
       0
       0
       0
       0
       0
       0
       0
       0
       0
       0
       0
       0
       0
       0
       0
       0
       0
       0
       0
       0
       0
       0
       0
       0
       0
       0
       0
       0
       0
       0
       0
       0
       0
       0
       0
       0
       0
       0
       0
       0
       0
       0
       0
       0
       0
       0
       0
       0
       0
       0
       0
       0
       0
       0
       0
       0
       0
       0
       0
       0
       0
       0
       0
       0
       0
       0
       0
       0
       0
       0
       0
       0
       0
       0
       0
       0
       0
       0
       0
       0
       0
       0
       0
       0
       0
       0
       0
       0
       0
       0
       0
       0
       0
       0
       0
       0
       0
       0
       0
       0
       0
       0
       0
       0
       0
       0
       0
       0
       0
       0
       0
       0
       0
       0
       0
       0
       0
       0
       0
       0
       0
       0
       0
       0
       0
       0
       0
       0
       0
       0
       0
       0
       0
       0
       0
       0
       0
       0
       0
       0
       0
       0
       0
       0
       0
       0
       0
       0
       0
       0
       0
       0
       0
       0
       0
       0
       0
       0
       0
       0
       0
       0
       0
       0
       0
       0
       0
       0
       0
       0
       0
       0
       0
       0
       0
       0
       0
       0
       0
       0
       0
       0
       0
       0
       0
       0
       0
       0
       0
       0
       0
       0
       0
       0
       0
       0
       0
       0
       0
       0
       0
       0
       0
       0
       0
       0
       0
       0
       0
       0
       0
       0
       0
       0
       0
       0
       0
       0
       0
       0
       0
       0
       0
       0
       0
       0
       0
       0
       0
       0
       0
       0
       0
       0
       0
       0
       0
       0
       0
       0
       0
       0
       0
       0
       0
       0
       0
       0
       0
       0
       0
       0
       0
       0
       0
       0
       0
       0
       0
       0
       0
       0
       0
       0
       0
       0
       0
       0
       0
       0
       0
       0
       0
       0
       0
       0
       0
       0
       0
       0
       0
       0
       0
       0
       0
       0
       0
       0
       0
       0
       0
       0
       0
       0
       0
       0
       0
       0
       0
       0
       0
       0
       0
       0
       0
       0
       0
       0
       0
       0
       0
       0
       0
       0
       0
       0
       0
       0
       0
       0
       0
       0
       0
       0
       0
       0
       0
       0
       0
       0
       0
       0
       0
       0
       0
       0
       0
       0
       0
       0
       0
       0
       0
       0
       0
       0
       0
       0
       0
       0
       0
       0
       0
       0
       0
       0
       0
       0
       0
       0
       0
       0
       0
       0
       0
       0
       0
       0
       0
       0
       0
       0
       0
       0
       0
       0
       0
       0
       0
       0
       0
       0
       0
       0
       0
       0
       0
       0
       0
       0
       0
       0
       0
       0
       0
       0
       0
       0
       0
       0
       0
       0
       0
       0
       0
       0
       0
       0
       0
       0
       0
       0
       0
       0
       0
       0
       0
       0
       0
       0
       0
       0
       0
       0
       0
       0
       0
       0
       0
       0
       0
       0
       0
       0
       0
       0
       0
       0
       0
       0
       0
       0
       0
       0
       0
       0
       0
       0
       0
       0
       0
       0
       0
       0
       0
       0
       0
       0
       0
       0
       0
       0
       0
       0
       0
       0
       0
       0
       0
       0
       0
       0
       0
       0
       0
       0
       0
       0
       0
       0
       0
       0
       0
       0
       0
       0
       0
       0
       0
       0
       0
       0
       0
       0
       0
       0
       0
       0
       0
       0
       0
       0
       0
       0
       0
       0
       0
       0
       0
       0
       0
       0
       0
       0
       0
       0
       0
       0
       0
       0
       0
       0
       0
       0
       0
       0
       0
       0
       0
       0
       0
       0
       0
       0
       0
       0
       0
       0
       0
       0
       0
       0
       0
       0
       0
       0
       0
       0
       0
       0
       0
       0
       0
       0
       0
       0
       0
       0
       0
       0
       0
       0
       0
       0
       0
       0
       0
       0
       0
       0
       0
       0
       0
       0
       0
       0
       0
       0
       0
       0
       0
       0
       0
       0
       0
       0
       0
       0
       0
       0
       0
       0
       0
       0
       0
       0
       0
       0
       0
       0
       0
       0
       0
       0
       0
       0
       0
       0
       0
       0
       0
       0
       0
       0
       0
       0
       0
       0
       0
       0
       0
       0
       0
       0
       0
       0
       0
       0
       0
       0
       0
       0
       0
       0
       0
       0
       0
       0
       0
       0
       0
       0
       0
       0
       0
       0
       0
       0
       0
       0
       0
       0
       0
       0
       0
       0
       0
       0
       0
       0
       0
       0
       0
       0
       0
       0
       0
       0
       0
       0
       0
       0
       0
       0
       0
       0
       0
       0
       0
       0
       0
       0
       0
       0
       0
       0
       0
       0
       0
       0
       0
       0
       0
       0
       0
       0
       0
       0
       0
       0
       0
       0
       0
       0
       0
       0
       0
       0
       0
       0
       0
       0
       0
       0
       0
       0
       0
       0
       0
       0
       0
       0
       0
       0
       0
       0
       0
       0
       0
       0
       0
       0
       0
       0
       0
       0
       0
       0
       0
       0
       0
       0
       0
       0
       0
       0
       0
       0
       0
       0
       0
       0
       0
       0
       0
       0
       0
       0
       0
       0
       0
       0
       0
       0
       0
       0
       0
       0
       0
       0
       0
       0
       0
       0
       0
       0
       0
       0
       0
       0
       0
       0
       0
       0
       0
       0
       0
       0
       0
       0
       0
       0
       0
       0
       0
       0
       0
       0
       0
       0
       0
       0
       0
       0
       0
       0
       0
       0
       0
       0
       0
       0
       0
       0
       0
       0
       0
       0
       0
       0
       0
       0
       0
       0
       0
       0
       0
       0
       0
       0
       0
       0
       0
       0
       0
       0
       0
       0
       0
       0
       0
       0
       0
       0
       0
       0
       0
       0
       0
       0
       0
       0
       0
       0
       0
       0
       0
       0
       0
       0
       0
       0
       0
       0
       0
       0
       0
       0
       0
       0
       0
       0
       0
       0
       0
       0
       0
       0
       0
       0
       0
       0
       0
       0
       0
       0
       0
       0
       0
       0
       0
       0
       0
       0
       0
       0
       0
       0
       0
       0
       0
       0
       0
       0
       0
       0
       0
       0
       0
       0
       0
       0
       0
       0
       0
       0
       0
       0
       0
       0
       0
       0
       0
       0
       0
       0
       0
       0
       0
       0
       0
       0
       0
       0
       0
       0
       0
       0
       0
       0
       0
       0
       0
       0
       0
       0
       0
       0
       0
       0
       0
       0
       0
       0
       0
       0
       0
       0
       0
       0
       0
       0
       0
       0
       0
       0
       0
       0
       0
       0
       0
       0
       0
       0
       0
       0
       0
       0
       0
       0
       0
       0
       0
       0
       0
       0
       0
       0
       0
       0
       0
       0
       0
       0
       0
       0
       0
       0
       0
       0
       0
       0
       0
       0
       0
       0
       0
       0
       0
       0
       0
       0
       0
       0
       0
       0
       0
       0
       0
       0
       0
       0
       0
       0
       0
       0
       0
       0
       0
       0
       0
       0
       0
       0
       0
       0
       0
       0
       0
       0
       0
       0
       0
       0
       0
       0
       0
       0
       0
       0
       0
       0
       0
       0
       0
       0
       0
       0
       0
       0
       0
       0
       0
       0
       0
       0
       0
       0
       0
       0
       0
       0
       0
       0
       0
       0
       0
       0
       0
       0
       0
       0
       0
       0
       0
       0
       0
       0
       0
       0
       0
       0
       0
       0
       0
       0
       0
       0
       0
       0
       0
       0
       0
       0
       0
       0
       0
       0
       0
       0
       0
       0
       0
       0
       0
       0
       0
       0
       0
       0
       0
       0
       0
       0
       0
       0
       0
       0
       0
       0
       0
       0
       0
       0
       0
       0
       0
       0
       0
       0
       0
       0
       0
       0
       0
       0
       0
       0
       0
       0
       0
       0
       0
       0
       0
       0
       0
       0
       0
       0
       0
       0
       0
       0
       0
       0
       0
       0
       0
       0
       0
       0
       0
       0
       0
       0
       0
       0
       0
       0
       0
       0
       0
       0
       0
       0
       0
       0
       0
       0
       0
       0
       0
       0
       0
       0
       0
       0
       0
       0
       0
       0
       0
       0
       0
       0
       0
       0
       0
       0
       0
       0
       0
       0
       0
       0
       0
       0
       0
       0
       0
       0
       0
       0
       0
       0
       0
       0
       0
       0
       0
       0
       0
       0
       0
       0
       0
       0
       0
       0
       0
       0
       0
       0
       0
       0
       0
       0
       0
       0
       0
       0
       0
       0
       0
       0
       0
       0
       0
       0
       0
       0
       0
       0
       0
       0
       0
       0
       0
       0
       0
       0
       0
       0
       0
       0
       0
       0
       0
       0
       0
       0
       0
       0
       0
       0
       0
       0
       0
       0
       0
       0
       0
       0
       0
       0
       0
       0
       0
       0
       0
       0
       0
       0
       0
       0
       0
       0
       0
       0
       0
       0
       0
       0
       0
       0
       0
       0
       0
       0
       0
       0
       0
       0
       0
       0
       0
       0
       0
       0
       0
       0
       0
       0
       0
       0
       0
       0
       0
       0
       0
       0
       0
       0
       0
       0
       0
       0
       0
       0
       0
       0
       0
       0
       0
       0
       0
       0
       0
       0
       0
       0
       0
       0
       0
       0
       0
       0
       0
       0
       0
       0
       0
       0
       0
       0
       0
       0
       0
       0
       0
       0
       0
       0
       0
       0
       0
       0
       0
       0
       0
       0
       0
       0
       0
       0
       0
       0
       0
       0
       0
       0
       0
       0
       0
       0
       0
       0
       0
       0
       0
       0
       0
       0
       0
       0
       0
       0
       0
       0
       0
       0
       0
       0
       0
       0
       0
       0
       0
       0
       0
       0
       0
       0
       0
       0
       0
       0
       0
       0
       0
       0
       0
       0
       0
       0
       0
       0
       0
       0
       0
       0
       0
       0
       0
       0
       0
       0
       0
       0
       0
       0
       0
       0
       0
       0
       0
       0
       0
       0
       0
       0
       0
       0
       0
       0
       0
       0
       0
       0
       0
       0
       0
       0
       0
       0
       0
       0
       0
       0
       0
       0
       0
       0
       0
       0
       0
       0
       0
       0
       0
       0
       0
       0
       0
       0
       0
       0
       0
       0
       0
       0
       0
       0
       0
       0
       0
       0
       0
       0
       0
       0
       0
       0
       0
       0
       0
       0
       0
       0
       0
       0
       0
       0
       0
       0
       0
       0
       0
       0
       0
       0
       0
       0
       0
       0
       0
       0
       0
       0
       0
       0
       0
       0
       0
       0
       0
       0
       0
       0
       0
       0
       0
       0
       0
       0
       0
       0
       0
       0
       0
       0
       0
       0
       0
       0
       0
       0
       0
       0
       0
       0
       0
       0
       0
       0
       0
       0
       0
       0
       0
       0
       0
       0
       0
       0
       0
       0
       0
       0
       0
       0
       0
       0
       0
       0
       0
       0
       0
       0
       0
       0
       0
       0
       0
       0
       0
       0
       0
       0
       0
       0
       0
       0
       0
       0
       0
       0
       0
       0
       0
       0
       0
       0
       0
       0
       0
       0
       0
       0
       0
       0
       0
       0
       0
       0
       0
       0
       0
       0
       0
       0
       0
       0
       0
       0
       0
       0
       0
       0
       0
       0
       0
       0
       0
       0
       0
       0
       0
       0
       0
       0
       0
       0
       0
       0
       0
       0
       0
       0
       0
       0
       0
       0
       0
       0
       0
       0
       0
       0
       0
       0
       0
       0
       0
       0
       0
       0
       0
       0
       0
       0
       0
       0
       0
       0
       0
       0
       0
       0
       0
       0
       0
       0
       0
       0
       0
       0
       0
       0
       0
       0
       0
       0
       0
       0
       0
       0
       0
       0
       0
       0
       0
       0
       0
       0
       0
       0
       0
       0
       0
       0
       0
       0
       0
       0
       0
       0
       0
       0
       0
       0
       0
       0
       0
       0
       0
       0
       0
       0
       0
       0
       0
       0
       0
       0
       0
       0
       0
       0
       0
       0
       0
       0
       0
       0
       0
       0
       0
       0
       0
       0
       0
       0
       0
       0
       0
       0
       0
       0
       0
       0
       0
       0
       0
       0
       0
       0
       0
       0
       0
       0
       0
       0
       0
       0
       0
       0
       0
       0
       0
       0
       0
       0
       0
       0
       0
       0
       0
       0
       0
       0
       0
       0
       0
       0
       0
       0
       0
       0
       0
       0
       0
       0
       0
       0
       0
       0
       0
       0
       0
       0
       0
       0
       0
       0
       0
       0
       0
       0
       0
       0
       0
       0
       0
       0
       0
       0
       0
       0
       0
       0
       0
       0
       0
       0
       0
       0
       0
       0
       0
       0
       0
       0
       0
       0
       0
       0
       0
       0
       0
       0
       0
       0
       0
       0
       0
       0
       0
       0
       0
       0
       0
       0
       0
       0
       0
       0
       0
       0
       0
       0
       0
       0
       0
       0
       0
       0
       0
       0
       0
       0
       0
       0
       0
       0
       0
       0
       0
       0
       0
       0
       0
       0
       0
       0
       0
       0
       0
       0
       0
       0
       0
       0
       0
       0
       0
       0
       0
       0
       0
       0
       0
       0
       0
       0
       0
       0
       0
       0
       0
       0
       0
       0
       0
       0
       0
       0
       0
       0
       0
       0
       0
       0
       0
       0
       0
       0
       0
       0
       0
       0
       0
       0
       0
       0
       0
       0
       0
       0
       0
       0
       0
       0
       0
       0
$ROI:
2
1915 2625
3640 5397
$PRESETS:
Live Time
120
0
$ENER_FIT:
0.000000 0.000000
$MCA_CAL:
3
0.000000E+000 0.000000E+000 0.000000E+000 
$SHAPE_CAL:
3
0.000000E+000 0.000000E+000 0.000000E+000
