$SPEC_ID:
No sample description was entered.
$SPEC_REM:
DET# 1
DETDESC# VP03 MCB 337
AP# Maestro Version 7.01
$DATE_MEA:
01/15/2019 08:47:49
$MEAS_TIM:
74 77
$DATA:
0 8191
       0
       0
       0
       0
       0
       0
       0
       0
       0
       0
       0
       0
       0
       0
       0
       0
       0
       0
       0
       0
       0
       0
       0
       0
       0
       0
       0
       0
       0
       0
       0
       0
       0
       0
       0
       0
       0
       0
       0
       0
       0
       0
       0
       0
       0
       0
       0
       0
       0
       0
       0
       0
       0
       0
       0
       0
       0
       0
       0
       0
       0
       0
       0
       0
       0
       0
       0
       0
       0
       0
       0
       0
       0
       0
       0
       0
       0
       0
       0
       0
       0
       0
       1
       2
       3
       4
       7
       8
      11
      12
      13
      18
      25
      23
      40
      42
      48
      51
      43
      46
      38
      53
      58
      53
      47
      54
      76
      64
      53
      51
      62
      69
      68
      53
      58
      67
      71
      72
      78
      92
      74
      74
      59
      71
      61
      66
      71
      70
      90
      59
      80
      72
      72
      71
      82
     105
      81
      83
      80
      86
      83
      83
      84
      90
      83
      78
      64
      73
      87
      88
      80
      83
      92
      86
      97
      97
      87
      80
      93
      86
      83
      87
      80
      98
     108
     114
      96
      89
      92
      95
     103
      89
      87
     102
     101
      95
      96
     109
     111
     100
     115
      96
     133
     113
     109
     114
     100
     122
      83
     118
      91
     105
     110
     103
     108
      99
     116
     113
     105
     115
      86
     121
     113
     117
     113
     123
     118
     123
     110
     125
     130
     113
     125
     116
     116
     123
     114
     116
     119
     121
     114
     112
      99
     121
     114
     120
     101
     119
     118
     117
     128
     124
     112
     123
     136
     113
     119
     100
     116
     139
     115
     124
     123
     103
     125
     108
     119
     111
     125
     151
     136
     116
     118
     115
     121
     135
     119
     126
     133
     121
     132
     114
     130
     130
     122
     123
     122
     132
     107
     124
     117
     144
     150
     115
     112
     135
     131
     114
     137
      98
     129
     138
     131
     115
     104
     142
     139
     124
     135
     124
     127
     120
     118
     116
     135
     111
     129
     127
     120
     123
     113
     114
     125
     120
     110
     138
     129
     101
     129
     123
     108
     137
     137
     115
     133
     131
     109
     115
     111
     121
     114
     132
     128
     135
     143
     141
     123
     119
     123
     129
     120
     115
     118
     125
      98
     132
     130
     132
     129
     127
     130
     126
     131
     124
      93
     120
     106
     136
     122
     132
     124
     119
     119
     107
     126
     115
     123
     122
     149
     120
     124
     106
     141
     130
     132
     119
     120
     140
     128
     136
     118
     126
     125
     118
     109
     124
     125
     125
     128
     122
     125
     120
     143
     114
     112
      94
     129
     115
     111
     130
     129
     113
     116
     123
     119
     123
     117
     135
     119
     128
     126
     124
     129
     119
     131
     103
     123
     112
     127
     118
     132
     101
     112
     125
     133
     124
     121
     125
     108
     126
     113
     129
     113
     127
     106
     127
      98
     117
     112
     144
     121
     126
     109
     112
     115
     120
     110
     130
     125
     136
     119
     122
     127
     103
     118
     109
     117
     145
     106
     122
      99
     121
     110
     113
     108
     119
     119
     131
     117
     116
     111
     115
     129
     114
     116
     130
     114
     126
     114
     111
     121
     113
     118
     118
     115
      96
     114
     130
     114
      97
     132
     108
     105
     128
     117
     118
     106
     119
     114
     139
     112
     115
     118
     113
     110
     107
     120
     126
     100
      97
      92
     106
     124
     121
     107
      93
     106
     108
     108
      99
     114
     108
     101
     108
      98
      89
     113
      99
     119
     108
     115
     113
      94
     111
     115
     126
     106
     111
     105
     121
     100
     109
     111
      90
      97
     109
     117
      88
     110
      87
      88
     112
     121
     108
     107
      96
      97
     102
     108
     116
     113
     116
     116
     124
     101
     104
     105
      99
     112
     118
     111
      95
     102
     107
     119
     111
     110
     105
     108
     100
     113
     106
      92
     106
      75
     110
      97
     100
     112
     117
     102
     111
     105
     110
     101
     109
     112
     101
      94
     101
     133
     113
     100
     107
      92
      94
      92
     116
     107
     103
     109
     100
     102
     108
      89
      95
     117
      87
     102
     102
     109
     117
     102
     103
     130
      96
     117
      84
     119
     111
     112
     108
     106
      98
      97
     103
     109
      98
     110
     104
      92
      88
      97
     106
      98
      98
     115
     111
     119
     109
     108
     102
     117
     116
     111
      94
     115
     105
     128
     127
     123
     117
     102
      99
      88
     117
     113
      87
      99
     108
     109
     119
     101
     105
     110
     124
     120
     120
     111
     132
     104
     110
      82
     112
      95
     106
     108
     100
     123
     114
     104
     119
      83
     113
     116
     110
     116
     117
     103
     109
      96
     101
     112
     114
     129
      95
     101
     104
     106
     102
     125
     102
     119
      98
     107
     126
     116
      95
      94
     121
     122
      95
     102
     119
     114
      95
     112
     101
     110
     106
      98
     107
     105
     104
      99
     100
      99
     113
     109
     124
      97
     114
     108
     119
     100
     106
     103
      94
     127
      90
      99
      95
     105
     101
      99
     117
     102
     107
      90
     108
     115
     100
     106
     113
      99
     121
     108
     109
     109
     102
     103
      97
     104
      98
     107
      92
     114
     108
      88
     107
     114
     109
     107
      98
     111
     113
     116
     110
     103
     111
     104
     110
      94
      98
     103
     113
     119
      99
      97
     107
     100
      88
     117
      94
     102
      95
     100
     123
      85
     110
     103
      88
     107
     106
      97
      86
      95
     101
     115
     102
      95
     117
      90
      99
     100
     106
     120
      97
     100
      96
     101
     113
     103
     103
      99
      96
      98
     103
     107
     105
     113
     103
      91
     100
     108
      89
     107
     106
     113
      88
     105
      98
     105
     104
      92
     115
     103
      74
      84
      96
     101
     114
      87
     100
      94
      79
      95
      97
      93
     104
      91
      89
      94
      90
      88
      98
     109
      90
      95
     102
      91
      83
      92
      86
      90
      93
      96
      81
      73
      95
      97
      88
      83
      84
      92
      93
      92
      93
      94
     105
      83
      80
      81
      87
      89
      93
     103
      79
     106
      85
      83
      88
      82
      82
      92
      58
      91
      90
      84
      88
      96
      93
      90
      80
     101
      71
      87
      87
      62
      85
      96
      92
      88
      76
      85
      90
      86
      78
      73
      86
      63
      88
      88
      80
      90
      83
      74
      94
      87
      77
      79
      72
      75
      84
      76
      78
      90
      85
      72
      79
      82
      84
     104
      68
      88
      76
      62
      75
      93
      80
      70
      65
      69
      81
      65
      84
      77
      66
      79
      82
      74
      65
      76
      79
      74
      82
      91
      83
      76
      73
      81
      77
      85
      69
      73
      69
      75
      67
      78
      59
      71
      69
      71
      74
      62
      79
      66
      65
      73
      72
      74
      69
      66
      78
      72
      70
      67
      67
      66
      64
      71
      80
      97
      76
      55
      67
      78
      69
      63
      61
      66
      67
      78
      54
      62
      72
      79
      74
      55
      64
      61
      80
      74
      83
      72
      65
      85
      87
      64
      49
      77
      60
      56
      70
      81
      62
      75
      65
      71
      71
      58
      51
      73
      78
      83
      60
      63
      70
      72
      71
      66
      66
      86
      71
      66
      78
      61
      65
      61
      72
      60
      85
      67
      59
      80
      64
      70
      63
      63
      48
      62
      55
      84
      74
      60
      65
      73
      61
      67
      56
      62
      66
      71
      73
      71
      55
      53
      51
      74
      66
      56
      57
      76
      59
      59
      79
      67
      67
      57
      63
      67
      71
      54
      65
      69
      59
      60
      72
      62
      47
      62
      75
      59
      52
      73
      69
      65
      60
      56
      55
      64
      60
      58
      68
      72
      53
      66
      74
      60
      56
      57
      69
      58
      60
      60
      73
      55
      69
      75
      58
      59
      73
      58
      67
      72
      62
      49
      38
      71
      61
      64
      56
      53
      76
      55
      60
      56
      66
      75
      54
      61
      43
      55
      66
      52
      56
      61
      61
      63
      48
      59
      86
      54
      57
      59
      53
      62
      58
      54
      42
      56
      54
      50
      71
      76
      53
      56
      60
      60
      57
      60
      56
      66
      49
      63
      66
      44
      64
      48
      54
      53
      50
      64
      53
      52
      52
      66
      61
      59
      69
      51
      56
      68
      56
      54
      62
      55
      56
      55
      40
      50
      60
      52
      56
      48
      72
      52
      64
      47
      47
      48
      59
      53
      61
      70
      51
      60
      49
      59
      60
      66
      60
      68
      49
      70
      62
      60
      51
      46
      61
      41
      55
      54
      56
      57
      60
      76
      52
      54
      42
      50
      68
      38
      68
      46
      57
      54
      53
      52
      60
      41
      65
      66
      46
      54
      46
      52
      55
      46
      41
      50
      52
      45
      43
      56
      40
      49
      46
      57
      49
      41
      48
      50
      55
      52
      50
      46
      52
      47
      52
      41
      50
      39
      39
      64
      51
      51
      48
      44
      46
      40
      51
      45
      44
      49
      46
      48
      45
      53
      43
      53
      46
      49
      51
      51
      52
      46
      52
      57
      43
      49
      40
      55
      56
      56
      42
      45
      50
      43
      49
      53
      53
      56
      38
      54
      56
      52
      48
      41
      30
      60
      67
      40
      42
      43
      64
      43
      55
      58
      42
      34
      42
      52
      46
      38
      53
      38
      36
      46
      41
      51
      44
      53
      56
      47
      38
      41
      50
      52
      57
      65
      48
      52
      40
      49
      47
      41
      47
      48
      40
      48
      42
      62
      45
      53
      59
      40
      45
      43
      54
      37
      55
      40
      57
      42
      50
      40
      48
      40
      43
      50
      47
      55
      62
      52
      43
      43
      44
      55
      36
      52
      52
      58
      44
      47
      53
      55
      44
      46
      41
      46
      42
      59
      41
      43
      42
      40
      50
      44
      52
      42
      40
      50
      50
      39
      38
      56
      43
      46
      51
      34
      42
      43
      47
      54
      37
      32
      40
      52
      46
      43
      38
      38
      47
      39
      50
      40
      39
      53
      49
      51
      33
      47
      41
      43
      52
      47
      42
      47
      39
      44
      48
      45
      45
      42
      36
      38
      39
      29
      46
      35
      39
      28
      48
      53
      41
      40
      39
      38
      32
      42
      52
      39
      42
      40
      52
      53
      34
      43
      44
      39
      35
      39
      36
      51
      42
      44
      49
      40
      49
      40
      52
      45
      42
      40
      54
      46
      49
      44
      48
      31
      49
      41
      41
      46
      43
      47
      45
      31
      41
      42
      40
      51
      41
      54
      39
      38
      40
      54
      48
      37
      43
      35
      48
      50
      39
      35
      38
      38
      35
      26
      30
      40
      58
      37
      27
      48
      30
      38
      46
      48
      44
      41
      42
      41
      31
      41
      44
      48
      41
      46
      37
      39
      41
      41
      47
      42
      35
      48
      49
      36
      50
      40
      44
      62
      51
      37
      41
      49
      37
      55
      51
      37
      35
      44
      40
      33
      41
      49
      47
      50
      34
      54
      39
      46
      38
      41
      32
      37
      31
      38
      47
      36
      44
      42
      35
      38
      38
      36
      43
      39
      30
      44
      37
      41
      45
      34
      42
      53
      41
      42
      31
      44
      37
      41
      38
      44
      42
      27
      37
      46
      44
      31
      51
      33
      30
      32
      46
      34
      47
      36
      32
      33
      42
      37
      32
      30
      42
      53
      33
      38
      41
      33
      37
      30
      29
      31
      42
      30
      43
      38
      46
      47
      40
      34
      27
      43
      32
      37
      43
      32
      42
      40
      34
      28
      35
      34
      27
      36
      38
      41
      45
      33
      43
      27
      44
      35
      32
      35
      41
      39
      38
      43
      40
      34
      39
      44
      42
      36
      42
      35
      37
      47
      44
      40
      36
      33
      32
      34
      41
      35
      23
      31
      37
      38
      41
      30
      32
      29
      43
      41
      40
      34
      36
      32
      37
      32
      32
      27
      46
      41
      38
      34
      37
      29
      37
      33
      38
      22
      42
      36
      39
      43
      40
      38
      37
      29
      41
      32
      44
      33
      39
      55
      47
      46
      34
      30
      48
      41
      36
      46
      52
      29
      31
      33
      23
      39
      38
      34
      45
      38
      49
      32
      41
      36
      44
      25
      40
      43
      43
      27
      46
      41
      38
      33
      53
      38
      40
      40
      43
      32
      33
      43
      33
      33
      38
      33
      42
      41
      35
      44
      47
      37
      36
      45
      24
      38
      48
      27
      50
      26
      40
      37
      37
      41
      37
      39
      34
      30
      31
      34
      24
      36
      31
      48
      39
      47
      36
      38
      31
      33
      25
      36
      49
      36
      33
      45
      36
      41
      31
      35
      39
      37
      36
      36
      42
      30
      34
      41
      32
      38
      50
      44
      46
      43
      34
      35
      30
      32
      27
      33
      40
      24
      35
      35
      26
      33
      34
      33
      26
      46
      42
      31
      29
      43
      32
      43
      39
      35
      32
      29
      39
      36
      32
      37
      42
      20
      35
      32
      24
      36
      32
      39
      34
      47
      41
      37
      34
      41
      34
      35
      35
      34
      34
      32
      32
      39
      35
      40
      36
      34
      30
      23
      26
      37
      30
      27
      26
      38
      35
      39
      22
      33
      31
      38
      29
      38
      36
      25
      34
      41
      34
      40
      41
      38
      32
      25
      38
      37
      42
      35
      37
      49
      38
      44
      42
      33
      36
      33
      35
      36
      37
      31
      50
      36
      30
      32
      32
      44
      46
      33
      44
      43
      33
      43
      43
      33
      39
      37
      43
      33
      36
      23
      48
      33
      32
      39
      38
      38
      38
      38
      29
      47
      23
      35
      45
      43
      33
      39
      34
      37
      24
      45
      49
      25
      38
      42
      27
      29
      27
      29
      40
      37
      44
      27
      28
      32
      37
      46
      36
      34
      35
      44
      33
      30
      44
      38
      36
      28
      30
      32
      38
      33
      32
      20
      45
      35
      34
      34
      41
      39
      48
      30
      31
      39
      38
      37
      33
      41
      40
      40
      31
      38
      42
      31
      38
      37
      29
      28
      34
      40
      37
      38
      33
      44
      43
      37
      40
      34
      38
      42
      31
      27
      36
      44
      40
      36
      43
      41
      37
      28
      26
      38
      28
      29
      42
      34
      31
      37
      41
      33
      31
      31
      35
      45
      33
      43
      42
      32
      36
      36
      27
      39
      34
      39
      35
      33
      28
      28
      34
      38
      39
      28
      33
      29
      54
      39
      34
      35
      36
      29
      40
      32
      33
      42
      32
      33
      34
      36
      24
      32
      34
      26
      37
      31
      39
      24
      38
      37
      35
      40
      36
      34
      38
      26
      20
      33
      40
      29
      39
      34
      33
      37
      24
      35
      34
      44
      39
      30
      46
      29
      41
      27
      44
      38
      40
      28
      30
      37
      37
      43
      27
      41
      35
      37
      41
      29
      46
      27
      34
      26
      39
      35
      42
      34
      37
      29
      35
      30
      39
      35
      33
      31
      32
      36
      32
      36
      46
      35
      43
      37
      38
      38
      42
      43
      25
      23
      24
      39
      30
      27
      40
      25
      21
      36
      28
      46
      40
      26
      36
      34
      43
      35
      34
      41
      19
      39
      38
      33
      32
      27
      31
      28
      39
      24
      27
      43
      29
      43
      47
      29
      32
      33
      35
      33
      25
      33
      37
      34
      41
      34
      34
      38
      34
      25
      30
      25
      37
      39
      25
      38
      32
      32
      37
      33
      40
      35
      36
      36
      36
      25
      36
      27
      34
      36
      36
      32
      39
      31
      34
      25
      46
      30
      37
      38
      34
      30
      24
      34
      30
      34
      28
      32
      32
      38
      36
      36
      29
      35
      33
      35
      27
      39
      35
      26
      38
      40
      33
      33
      33
      40
      41
      34
      28
      43
      38
      30
      25
      30
      40
      46
      34
      39
      31
      46
      36
      27
      39
      36
      39
      33
      34
      35
      27
      28
      33
      34
      38
      28
      37
      36
      35
      23
      33
      30
      29
      29
      30
      35
      39
      39
      36
      32
      26
      32
      30
      27
      43
      27
      35
      24
      40
      28
      23
      16
      25
      48
      24
      21
      30
      34
      29
      32
      37
      32
      25
      32
      33
      26
      31
      28
      32
      28
      37
      45
      41
      30
      24
      34
      38
      37
      33
      29
      29
      33
      31
      33
      44
      31
      26
      38
      30
      31
      29
      25
      26
      27
      35
      35
      33
      26
      24
      34
      36
      38
      37
      33
      29
      33
      39
      30
      36
      22
      29
      37
      34
      26
      42
      32
      35
      35
      37
      40
      20
      31
      34
      31
      31
      35
      38
      34
      27
      30
      36
      35
      34
      32
      39
      29
      27
      40
      25
      45
      39
      35
      34
      29
      30
      34
      19
      35
      28
      32
      28
      36
      21
      29
      30
      24
      28
      44
      34
      42
      38
      19
      36
      29
      34
      30
      31
      31
      31
      36
      37
      31
      28
      31
      29
      36
      34
      34
      26
      26
      39
      45
      41
      34
      26
      32
      28
      29
      34
      28
      20
      26
      40
      31
      34
      40
      34
      41
      36
      38
      29
      25
      34
      46
      36
      44
      35
      27
      27
      24
      28
      35
      28
      31
      41
      41
      22
      38
      31
      34
      32
      34
      30
      36
      24
      35
      40
      34
      29
      30
      38
      28
      25
      36
      25
      36
      36
      23
      39
      33
      23
      26
      44
      31
      35
      37
      37
      39
      36
      32
      43
      35
      28
      46
      27
      32
      40
      30
      32
      39
      37
      41
      34
      25
      32
      31
      40
      33
      32
      31
      35
      25
      33
      27
      33
      30
      25
      32
      32
      29
      30
      32
      25
      36
      28
      40
      23
      42
      28
      31
      40
      24
      28
      19
      32
      38
      27
      26
      42
      32
      32
      33
      34
      34
      35
      33
      30
      29
      23
      41
      22
      30
      30
      24
      30
      41
      30
      32
      34
      41
      40
      22
      34
      34
      36
      34
      24
      29
      34
      26
      25
      29
      25
      36
      33
      29
      31
      43
      24
      32
      36
      40
      32
      36
      27
      47
      26
      29
      35
      32
      34
      35
      25
      29
      37
      26
      34
      28
      31
      27
      33
      35
      27
      34
      35
      29
      26
      35
      28
      30
      27
      32
      27
      29
      27
      28
      22
      38
      31
      31
      39
      34
      22
      27
      30
      29
      30
      21
      33
      21
      34
      37
      33
      45
      26
      34
      31
      26
      25
      25
      34
      30
      26
      31
      36
      38
      40
      36
      30
      25
      22
      28
      37
      36
      37
      36
      35
      30
      33
      22
      36
      37
      24
      42
      26
      33
      32
      25
      30
      33
      28
      32
      40
      39
      40
      32
      38
      33
      29
      32
      40
      35
      31
      37
      36
      32
      38
      31
      31
      21
      27
      28
      37
      37
      46
      24
      27
      31
      34
      27
      35
      35
      28
      30
      24
      24
      41
      23
      29
      29
      40
      34
      27
      30
      30
      41
      43
      37
      43
      29
      30
      28
      30
      34
      34
      41
      33
      34
      28
      31
      33
      33
      40
      24
      43
      34
      30
      27
      25
      27
      31
      44
      29
      32
      25
      34
      31
      38
      27
      25
      38
      37
      26
      28
      28
      30
      23
      32
      24
      38
      39
      25
      26
      32
      41
      40
      34
      29
      36
      32
      38
      41
      28
      33
      38
      32
      32
      31
      26
      38
      30
      29
      30
      31
      27
      44
      34
      37
      42
      39
      35
      33
      44
      49
      25
      54
      33
      40
      38
      32
      39
      22
      26
      32
      35
      25
      34
      31
      37
      39
      35
      38
      31
      34
      39
      47
      40
      25
      34
      32
      30
      27
      38
      37
      36
      28
      20
      28
      44
      39
      37
      24
      30
      27
      33
      39
      30
      41
      45
      35
      33
      38
      32
      28
      39
      31
      28
      34
      44
      41
      30
      35
      20
      31
      19
      24
      32
      21
      33
      35
      30
      39
      35
      36
      42
      43
      25
      38
      31
      33
      31
      31
      33
      36
      40
      40
      29
      27
      32
      29
      26
      27
      40
      32
      30
      32
      31
      41
      37
      30
      39
      36
      47
      26
      25
      33
      32
      30
      31
      28
      35
      35
      22
      25
      41
      38
      39
      32
      34
      28
      37
      33
      25
      37
      36
      25
      33
      35
      43
      39
      41
      37
      34
      32
      36
      25
      26
      32
      28
      26
      35
      26
      41
      38
      47
      36
      48
      36
      32
      43
      27
      30
      37
      32
      36
      41
      38
      25
      30
      34
      32
      30
      31
      28
      31
      35
      37
      35
      44
      31
      27
      39
      32
      24
      35
      41
      41
      31
      35
      31
      30
      33
      40
      47
      44
      32
      27
      38
      28
      34
      32
      38
      45
      38
      30
      32
      34
      29
      27
      36
      36
      37
      24
      31
      24
      41
      39
      22
      34
      33
      24
      33
      36
      30
      33
      35
      40
      28
      30
      39
      45
      44
      35
      39
      43
      41
      29
      36
      34
      23
      31
      32
      30
      43
      26
      35
      31
      27
      38
      35
      31
      36
      43
      34
      35
      27
      48
      37
      33
      45
      28
      35
      32
      35
      43
      38
      40
      43
      29
      37
      27
      33
      38
      37
      54
      27
      39
      45
      28
      46
      34
      32
      26
      31
      35
      31
      30
      31
      38
      33
      26
      35
      32
      37
      42
      42
      36
      33
      38
      26
      26
      37
      43
      46
      40
      42
      45
      29
      31
      29
      31
      36
      33
      53
      37
      37
      24
      32
      43
      35
      32
      35
      38
      34
      32
      39
      22
      26
      35
      23
      38
      36
      39
      42
      29
      40
      24
      43
      31
      40
      27
      35
      38
      43
      24
      28
      32
      29
      42
      30
      29
      40
      29
      28
      42
      30
      30
      32
      42
      34
      37
      37
      33
      36
      30
      36
      32
      33
      31
      36
      28
      30
      32
      32
      26
      31
      50
      42
      48
      27
      21
      28
      29
      43
      30
      39
      30
      40
      31
      31
      36
      33
      40
      37
      42
      42
      25
      42
      45
      33
      42
      34
      28
      42
      33
      31
      42
      32
      36
      29
      28
      34
      27
      29
      34
      24
      30
      24
      30
      24
      38
      29
      32
      44
      38
      29
      28
      44
      33
      36
      30
      26
      38
      45
      44
      47
      32
      42
      28
      45
      32
      39
      27
      42
      29
      38
      39
      49
      38
      44
      32
      30
      27
      31
      43
      43
      33
      32
      32
      28
      32
      45
      42
      31
      34
      36
      31
      36
      33
      36
      32
      39
      31
      33
      36
      40
      28
      30
      41
      37
      37
      26
      34
      32
      35
      33
      38
      18
      39
      36
      25
      37
      39
      43
      24
      30
      26
      35
      32
      31
      44
      39
      32
      35
      27
      34
      30
      30
      28
      35
      41
      32
      41
      38
      28
      28
      33
      38
      37
      37
      39
      37
      35
      39
      45
      36
      38
      33
      37
      40
      48
      32
      33
      29
      37
      42
      30
      31
      34
      33
      33
      33
      32
      29
      31
      40
      35
      38
      35
      32
      31
      33
      34
      21
      31
      36
      27
      36
      38
      32
      36
      36
      34
      25
      35
      31
      32
      18
      29
      32
      30
      34
      25
      39
      30
      37
      35
      34
      31
      26
      39
      36
      30
      32
      41
      29
      37
      37
      32
      38
      28
      26
      29
      32
      34
      27
      22
      25
      32
      29
      24
      33
      38
      32
      38
      36
      42
      40
      33
      44
      35
      22
      28
      31
      26
      27
      33
      37
      35
      35
      36
      33
      33
      36
      34
      28
      26
      37
      27
      38
      25
      22
      33
      29
      35
      43
      30
      33
      35
      33
      28
      31
      39
      21
      35
      33
      26
      30
      34
      36
      27
      34
      29
      29
      35
      19
      31
      28
      33
      31
      17
      36
      31
      29
      30
      28
      38
      33
      15
      27
      26
      27
      35
      24
      25
      32
      30
      34
      25
      27
      31
      32
      27
      25
      30
      28
      25
      30
      25
      37
      31
      28
      30
      35
      28
      37
      34
      34
      29
      28
      37
      29
      32
      37
      30
      27
      31
      22
      29
      18
      33
      24
      31
      38
      28
      31
      31
      34
      34
      27
      31
      30
      27
      33
      20
      34
      18
      16
      36
      32
      22
      26
      31
      23
      19
      34
      34
      35
      24
      30
      21
      25
      28
      20
      31
      29
      30
      32
      26
      35
      35
      25
      26
      25
      22
      36
      26
      22
      32
      17
      36
      25
      31
      33
      25
      34
      30
      25
      29
      30
      31
      25
      27
      34
      37
      27
      28
      32
      21
      33
      17
      38
      38
      22
      23
      21
      21
      34
      23
      34
      26
      29
      32
      22
      24
      19
      26
      27
      19
      19
      23
      27
      21
      24
      19
      24
      25
      35
      35
      35
      24
      34
      23
      27
      34
      24
      21
      27
      29
      26
      19
      25
      22
      30
      23
      39
      26
      30
      25
      24
      32
      31
      28
      25
      16
      33
      27
      27
      30
      24
      21
      22
      26
      19
      22
      28
      32
      39
      31
      25
      33
      24
      19
      26
      29
      25
      23
      27
      30
      24
      28
      33
      20
      31
      19
      25
      30
      35
      26
      25
      22
      31
      29
      24
      32
      32
      28
      22
      25
      24
      27
      22
      36
      20
      15
      27
      33
      31
      28
      33
      21
      25
      19
      26
      26
      31
      26
      24
      24
      29
      26
      21
      27
      37
      25
      25
      22
      23
      31
      35
      26
      22
      24
      24
      27
      28
      26
      21
      26
      29
      21
      21
      31
      24
      24
      19
      21
      23
      28
      26
      20
      21
      30
      23
      36
      25
      26
      26
      33
      12
      20
      17
      31
      28
      31
      21
      33
      29
      26
      28
      30
      35
      40
      32
      21
      32
      37
      27
      33
      23
      28
      18
      24
      39
      28
      29
      37
      27
      22
      21
      32
      24
      26
      20
      27
      29
      29
      32
      29
      35
      28
      23
      29
      24
      24
      27
      22
      34
      24
      23
      31
      29
      26
      19
      19
      16
      25
      22
      25
      26
      16
      37
      21
      27
      21
      24
      22
      25
      27
      33
      28
      32
      22
      32
      29
      32
      40
      29
      25
      30
      28
      28
      30
      33
      32
      23
      26
      30
      33
      22
      22
      23
      30
      25
      29
      42
      22
      28
      33
      28
      30
      29
      26
      33
      27
      34
      37
      17
      33
      24
      37
      29
      30
      36
      31
      31
      31
      25
      36
      32
      25
      35
      34
      28
      33
      25
      32
      42
      24
      33
      27
      36
      35
      32
      22
      30
      34
      24
      37
      44
      40
      26
      35
      42
      32
      26
      29
      38
      30
      41
      39
      41
      37
      33
      35
      30
      31
      46
      34
      28
      29
      35
      38
      40
      35
      30
      25
      48
      41
      30
      41
      34
      36
      44
      33
      34
      42
      34
      48
      38
      38
      29
      37
      40
      40
      32
      39
      45
      35
      42
      51
      38
      39
      38
      31
      50
      30
      28
      31
      39
      39
      40
      31
      26
      40
      42
      41
      43
      37
      56
      57
      34
      52
      30
      36
      53
      53
      39
      45
      30
      42
      47
      37
      51
      41
      39
      56
      48
      51
      46
      51
      42
      48
      43
      47
      44
      59
      42
      55
      43
      47
      45
      47
      43
      52
      64
      65
      58
      47
      72
      45
      45
      57
      51
      47
      56
      50
      59
      53
      54
      56
      51
      51
      46
      53
      57
      58
      52
      52
      53
      45
      58
      48
      48
      54
      78
      47
      52
      53
      52
      46
      61
      55
      71
      41
      59
      59
      48
      64
      64
      50
      65
      59
      63
      58
      52
      60
      48
      77
      67
      64
      61
      59
      57
      62
      70
      75
      67
      57
      58
      73
      58
      62
      66
      63
      73
      67
      66
      67
      62
      76
      54
      52
      69
      63
      86
      65
      63
      71
      63
      66
      67
      65
      67
      78
      74
      81
      67
      62
      63
      67
      92
      69
      69
      65
      77
      61
      75
      61
      79
      68
      86
      91
      85
      91
      78
      87
      88
      91
      77
      79
      71
      80
      78
      82
      86
      80
      83
      80
      70
      95
      82
      77
      78
      93
      90
      77
      69
      97
     103
      77
      74
      81
      60
      82
      91
      99
      80
      86
      77
      89
      75
      83
      82
      89
      83
      83
      91
      76
      85
      67
      80
      85
      83
      92
      94
     106
      79
      89
      86
      85
      64
      89
      79
      78
     100
      85
      74
      97
     103
      95
      82
     105
      84
      82
      67
      97
      82
      99
      92
      96
      86
      75
      69
      93
      88
      71
      88
      90
      72
      85
      78
     109
      79
      83
      92
      86
     106
     109
     100
     104
      93
     100
     104
      90
      99
     112
      96
     103
      97
      74
      87
     103
      96
      92
      93
      96
      84
      89
      90
      99
      86
     106
      91
      95
      88
      84
      81
     109
      89
      92
      98
      87
     100
      94
      80
      93
      98
     111
     110
      86
      97
      96
      83
      84
     103
     100
      88
     112
      98
      98
      72
      87
      86
      94
      94
      83
      93
      91
      81
     105
      88
      95
     105
     100
     101
      77
     123
     106
     108
     101
     113
      95
      90
     104
     124
     109
     105
      87
     104
      91
      94
      84
      89
      92
      91
     104
      91
      82
     106
      93
     100
     102
      89
     104
      95
     101
      90
     106
      90
      80
      85
     102
      84
      85
      87
      98
      90
      88
      81
     102
     102
      82
      87
      97
      86
     109
      86
      89
      95
      89
      99
      90
     100
      93
      91
      85
      93
      75
      97
     109
     103
      95
      84
      95
      98
      82
      86
      83
      92
      76
      78
      82
      87
     103
      90
      92
      89
      97
      96
      85
      79
      84
      90
      90
      70
     105
     102
      93
      94
     100
      75
      60
      90
      83
      76
      80
      84
      88
     101
      82
      95
      76
      85
      71
      73
      76
      85
      88
      71
      86
      83
     103
      74
      84
      86
      92
      91
      74
      82
      81
     103
      75
      88
      71
      78
      76
      93
      87
      72
      80
      72
      65
      71
      92
      81
      71
      79
      83
      76
      84
      76
      70
      92
      90
      85
      82
      67
      74
      75
      89
      99
      79
      93
      75
     106
      74
      68
      72
      75
      84
      92
      75
      86
      59
      87
      83
      78
      85
      66
      68
      83
      79
      87
      76
      67
      81
      72
      78
      69
      85
      82
      67
      69
      67
      82
      79
      69
      61
      63
      77
      74
      66
      82
      54
      78
      60
      56
      72
      76
      76
      69
      64
      75
      61
      70
      63
      51
      62
      72
      60
      67
      70
      77
      65
      75
      68
      71
      71
      66
      83
      64
      74
      73
      57
      46
      50
      76
      63
      68
      67
      68
      69
      70
      65
      65
      68
      65
      65
      58
      65
      69
      67
      64
      69
      67
      58
      66
      59
      68
      50
      66
      53
      48
      59
      75
      64
      65
      57
      68
      70
      55
      69
      66
      57
      66
      56
      52
      53
      55
      66
      72
      64
      56
      74
      75
      53
      68
      61
      58
      64
      46
      53
      50
      51
      59
      71
      70
      60
      55
      49
      60
      57
      55
      57
      59
      64
      67
      68
      72
      47
      61
      69
      52
      55
      58
      56
      54
      65
      56
      57
      62
      55
      54
      67
      78
      67
      62
      76
      50
      56
      53
      62
      57
      69
      59
      47
      63
      48
      69
      68
      64
      47
      60
      46
      63
      59
      65
      62
      52
      53
      55
      56
      54
      71
      36
      73
      50
      68
      71
      53
      59
      50
      51
      61
      57
      65
      60
      76
      58
      57
      56
      63
      78
      70
      64
      67
      62
      49
      79
      61
      69
      55
      74
      53
      65
      48
      70
      52
      61
      64
      58
      62
      78
      67
      65
      70
      65
      56
      57
      85
      74
      69
      77
      61
      76
      44
      75
      55
      58
      61
      77
      56
      66
      74
      55
      82
      70
      53
      65
      71
      59
      65
      84
      61
      69
      73
      80
      80
      69
      71
      51
      54
      79
      76
      77
      58
      72
      79
      73
      62
      69
      75
      65
      76
      64
      66
      64
      88
      73
      56
      67
      73
      76
      73
      67
      72
      85
      90
      73
      82
      65
      78
      62
      69
      66
      73
      63
      62
      70
      74
      61
      48
      72
      81
      66
      78
      81
      78
      74
      88
      65
      67
      66
      68
      76
      74
      45
      66
      79
      69
      77
      92
      63
      82
      80
      68
      79
      73
      90
      77
      80
      89
      85
      67
      86
      87
      87
      65
      62
      84
      78
      74
      78
      77
      95
      73
      67
      82
      92
      75
      69
      85
      78
      65
      69
      97
      90
      68
      79
      85
      76
      80
      79
      71
      67
     105
      84
      76
      65
      82
      79
      79
      74
      94
      90
      75
      82
      59
      73
      80
      80
      74
      75
      74
      78
      59
      58
      76
      86
      78
      83
      77
      73
      83
      81
      70
      92
      81
      69
      65
      81
      80
      89
      88
      77
      79
      67
      76
      86
      90
      83
      78
      88
      75
      75
      72
      64
      60
      84
      88
      71
      78
      85
      77
      77
      94
      77
      74
      84
      68
      84
      68
      65
      72
      84
      91
      76
      95
      88
      66
      88
      72
      74
      72
      91
      85
      88
      95
      86
      71
      79
      76
      80
      76
      66
      78
      66
      76
      84
      84
      76
      65
      66
      90
      85
      90
      66
      66
      81
      75
      86
      92
      59
      82
      77
      87
      57
      85
      72
      83
      80
      74
      64
      73
      92
      67
      74
      67
      74
      50
      77
      70
      72
      69
      91
      83
      67
      70
      53
      68
      66
      62
      76
      70
      74
      76
      57
      84
      64
      75
      81
      72
      65
      79
      79
      66
      75
      75
      69
      76
      69
      64
      69
      80
      52
      69
      80
      78
      70
      59
      71
      75
      74
      70
      67
      76
      73
      63
      60
      56
      74
      57
      67
      89
      74
      63
      60
      62
      71
      51
      62
      39
      68
      69
      67
      59
      72
      58
      81
      52
      57
      61
      71
      74
      71
      80
      71
      65
      62
      74
      43
      56
      64
      50
      76
      51
      61
      67
      56
      65
      52
      59
      58
      54
      68
      55
      51
      48
      59
      54
      59
      58
      78
      51
      63
      58
      66
      49
      63
      61
      46
      60
      56
      58
      51
      41
      53
      53
      53
      50
      56
      56
      44
      50
      50
      55
      53
      55
      39
      54
      44
      44
      48
      41
      50
      41
      46
      54
      49
      56
      41
      51
      60
      41
      62
      48
      55
      56
      50
      51
      52
      31
      38
      51
      36
      59
      51
      36
      48
      47
      57
      33
      44
      34
      36
      50
      46
      49
      45
      46
      40
      45
      43
      50
      38
      43
      40
      50
      41
      28
      49
      39
      43
      45
      50
      39
      40
      44
      35
      32
      36
      42
      34
      35
      44
      17
      32
      40
      35
      43
      40
      42
      55
      37
      40
      42
      31
      37
      38
      33
      38
      32
      43
      42
      33
      35
      35
      30
      26
      40
      31
      38
      28
      31
      41
      35
      29
      44
      42
      37
      31
      31
      24
      38
      36
      33
      37
      20
      27
      27
      32
      30
      25
      27
      31
      28
      33
      32
      21
      23
      18
      30
      35
      28
      23
      27
      33
      30
      29
      28
      35
      27
      20
      32
      20
      25
      21
      22
      28
      25
      24
      17
      32
      26
      31
      31
      22
      29
      20
      17
      16
      17
      15
      27
      26
      20
      29
      24
      28
      28
      21
      20
      23
      19
      10
      19
      22
      15
      19
      24
      20
      22
      20
      26
      26
      18
      24
      19
      16
      18
      17
      25
      13
      25
      19
      27
      14
      22
      16
      14
      17
      15
      19
      16
      24
      21
      16
      19
      16
      19
      21
      17
      15
      16
      13
      11
      21
      12
      21
      17
      13
      17
      19
      15
      23
      17
      17
      17
      16
      16
      23
      20
      12
      11
      12
      22
      16
       8
      20
      25
      17
      13
      16
      11
      17
      10
      13
      18
      11
      18
      17
      15
      11
      16
      12
      14
      16
      15
      18
      16
      15
      12
       9
       8
       8
      14
      10
       7
      11
      12
       9
      12
      10
      15
      10
      14
       6
      10
      10
       7
       8
      10
       6
       9
      12
      11
       7
       7
      13
      10
       9
       2
      10
       8
      12
      11
      16
       7
      13
      16
       8
      13
       8
       7
      13
       6
      10
       6
       8
      11
       9
      10
      11
       7
      10
      11
       8
      10
       8
      11
      10
       7
       9
       9
       8
       5
       9
       9
       9
       4
       8
       7
       9
       6
       8
       7
       5
       6
       5
       7
       7
       7
       7
       8
      11
       5
       4
      11
      15
      10
       3
       9
      10
       7
       6
      11
       4
       8
       9
       7
       5
       4
       9
       8
      10
       6
      11
      12
      11
       3
       7
       4
       7
       6
      12
       7
       7
       6
      10
       5
       4
      13
       6
       6
      12
       5
       8
       5
       3
       7
       7
       6
       5
       2
       6
       7
       6
       9
       2
      11
       6
       5
       4
       5
       7
       3
       2
       4
      11
       6
       6
       8
       7
       7
       5
       6
       9
       7
       3
       3
       3
       6
       5
       6
       7
       6
       7
       7
       5
       2
       4
       4
       2
       2
       4
       5
       7
       4
       5
       3
       0
       4
       8
       3
       4
       8
       4
       2
       8
       1
       5
       5
       6
       4
       4
       5
      10
       1
       4
       6
       3
       5
       3
       3
       8
       7
       5
       4
       4
       4
       5
       9
       4
       0
       6
       6
       2
       1
       3
       4
       4
       5
       3
       2
       4
       4
       4
       5
       1
       3
       1
       6
       2
       5
       6
       2
       6
       2
       1
       3
       2
       2
       5
       3
       4
       2
       3
       2
       4
       1
       4
       5
       1
       7
       6
       3
       1
       2
       3
       4
       3
       3
       0
       2
       5
       2
       1
       2
       3
       3
       7
       1
       4
       4
       2
       3
       0
       5
       5
       3
       5
       4
       1
       3
       6
       1
       3
       3
       4
       2
       6
       1
       6
       8
       3
       4
       6
       3
       0
       2
       0
       2
       6
       6
       1
       3
       2
       4
       1
       3
       3
       6
       2
       2
       4
       2
       3
       2
       5
       4
       1
       2
       6
       4
       5
       8
       3
       2
       4
       1
       5
       1
       4
       4
       5
       2
       3
       4
       3
       1
       4
       3
       2
       3
       1
       2
       2
       2
       1
       0
       1
       4
       4
       0
       5
       1
       2
       2
       1
       2
       2
       2
       3
       3
       2
       3
       1
       3
       4
       3
       1
       4
       4
       3
       3
       3
       0
       1
       5
       4
       3
       1
       0
       2
       4
       1
       0
       1
       0
       2
       4
       1
       1
       4
       0
       2
       2
       2
       2
       2
       2
       4
       3
       3
       1
       2
       0
       2
       2
       2
       0
       1
       4
       1
       8
       0
       1
       0
       0
       0
       1
       4
       3
       1
       0
       2
       1
       3
       2
       0
       2
       3
       3
       3
       1
       1
       2
       3
       0
       0
       1
       1
       2
       1
       1
       1
       4
       0
       5
       2
       0
       1
       1
       1
       2
       1
       1
       0
       1
       4
       0
       1
       3
       2
       1
       0
       1
       2
       1
       2
       1
       1
       5
       2
       5
       2
       3
       0
       2
       4
       2
       0
       0
       2
       0
       2
       2
       1
       3
       1
       0
       0
       0
       1
       0
       2
       1
       1
       1
       2
       3
       4
       2
       1
       4
       1
       1
       2
       2
       3
       0
       0
       1
       1
       3
       0
       0
       0
       2
       1
       0
       1
       2
       0
       3
       1
       2
       1
       3
       1
       2
       1
       3
       2
       3
       0
       1
       1
       1
       1
       0
       1
       4
       2
       1
       0
       0
       1
       2
       2
       2
       3
       1
       0
       0
       2
       0
       2
       1
       2
       2
       0
       1
       1
       1
       1
       2
       4
       2
       0
       1
       0
       1
       2
       2
       2
       1
       1
       1
       1
       1
       1
       2
       1
       1
       0
       1
       0
       1
       1
       1
       1
       0
       0
       2
       1
       4
       1
       0
       0
       0
       0
       1
       0
       0
       1
       0
       1
       0
       1
       0
       1
       0
       2
       1
       1
       2
       0
       0
       0
       2
       0
       5
       1
       0
       2
       2
       0
       1
       2
       0
       3
       0
       2
       0
       0
       2
       0
       0
       0
       1
       2
       1
       1
       1
       1
       0
       0
       2
       0
       1
       2
       1
       2
       2
       2
       2
       0
       1
       2
       1
       1
       2
       3
       1
       1
       3
       1
       1
       1
       2
       2
       2
       3
       3
       0
       2
       1
       0
       1
       2
       1
       0
       1
       0
       1
       1
       0
       0
       4
       3
       0
       1
       1
       0
       0
       0
       0
       0
       0
       1
       2
       0
       2
       1
       2
       0
       2
       1
       1
       0
       0
       0
       3
       1
       1
       2
       0
       2
       1
       1
       0
       0
       0
       1
       1
       0
       0
       5
       0
       2
       1
       0
       2
       2
       0
       0
       2
       1
       3
       0
       0
       0
       2
       1
       1
       3
       2
       1
       0
       2
       2
       1
       0
       2
       5
       2
       1
       2
       1
       0
       0
       0
       0
       2
       2
       1
       1
       3
       0
       1
       3
       0
       0
       2
       1
       1
       0
       1
       5
       2
       1
       0
       1
       0
       2
       4
       0
       1
       0
       1
       1
       0
       0
       3
       1
       2
       2
       1
       1
       2
       1
       1
       0
       0
       0
       0
       2
       3
       0
       1
       3
       2
       2
       2
       2
       0
       1
       0
       2
       0
       1
       0
       2
       1
       3
       2
       1
       1
       1
       1
       0
       2
       1
       1
       0
       1
       5
       1
       1
       3
       1
       2
       2
       2
       2
       3
       0
       1
       0
       1
       1
       0
       0
       0
       0
       2
       3
       1
       0
       0
       2
       0
       0
       1
       2
       1
       2
       0
       1
       0
       0
       1
       3
       1
       0
       1
       1
       1
       0
       3
       0
       2
       0
       1
       2
       0
       0
       1
       3
       2
       0
       1
       1
       3
       0
       1
       1
       0
       1
       0
       1
       0
       1
       1
       2
       5
       1
       0
       1
       2
       1
       2
       1
       0
       1
       0
       0
       0
       1
       0
       3
       2
       2
       3
       1
       0
       1
       1
       1
       5
       5
       0
       3
       1
       1
       1
       0
       3
       1
       1
       1
       0
       4
       3
       0
       1
       1
       1
       1
       1
       0
       1
       1
       1
       0
       1
       2
       0
       1
       0
       1
       2
       1
       1
       0
       1
       1
       3
       2
       1
       0
       2
       2
       2
       1
       0
       0
       2
       3
       2
       1
       1
       3
       1
       2
       0
       1
       0
       1
       0
       0
       1
       0
       3
       1
       2
       1
       1
       0
       1
       2
       0
       1
       1
       2
       0
       0
       1
       1
       1
       1
       0
       0
       0
       1
       1
       0
       1
       2
       4
       2
       0
       0
       1
       2
       1
       1
       4
       3
       1
       1
       0
       2
       0
       2
       3
       2
       2
       0
       2
       0
       2
       2
       0
       1
       2
       2
       0
       2
       1
       4
       0
       4
       2
       0
       1
       2
       2
       3
       0
       1
       0
       1
       1
       0
       0
       0
       0
       2
       1
       0
       1
       0
       3
       0
       1
       2
       1
       1
       2
       1
       1
       2
       1
       2
       2
       1
       1
       1
       1
       3
       0
       1
       1
       0
       2
       0
       0
       2
       0
       1
       2
       1
       0
       1
       1
       3
       0
       2
       0
       1
       2
       1
       1
       0
       4
       2
       2
       0
       2
       0
       1
       1
       0
       0
       0
       0
       3
       1
       1
       0
       0
       1
       0
       1
       0
       0
       0
       1
       1
       1
       2
       0
       1
       2
       2
       2
       1
       1
       0
       3
       0
       1
       0
       2
       2
       0
       1
       1
       0
       2
       0
       1
       1
       1
       0
       1
       0
       0
       1
       1
       0
       2
       0
       1
       1
       0
       1
       1
       0
       0
       0
       1
       0
       1
       2
       2
       0
       0
       4
       1
       1
       0
       0
       1
       1
       0
       1
       0
       1
       1
       2
       3
       1
       0
       1
       2
       1
       0
       3
       1
       0
       1
       0
       2
       0
       1
       0
       1
       1
       3
       0
       1
       1
       0
       1
       0
       1
       1
       0
       0
       0
       3
       2
       2
       2
       1
       1
       1
       1
       0
       1
       0
       1
       1
       1
       1
       2
       0
       1
       2
       0
       0
       2
       1
       0
       1
       1
       0
       1
       2
       0
       1
       0
       0
       1
       1
       0
       1
       0
       0
       1
       1
       1
       1
       0
       1
       2
       0
       0
       2
       1
       1
       1
       2
       2
       3
       2
       2
       1
       1
       1
       0
       0
       0
       0
       0
       1
       1
       1
       0
       2
       0
       2
       3
       1
       0
       1
       1
       1
       0
       1
       4
       1
       1
       0
       2
       0
       2
       3
       0
       1
       3
       0
       2
       1
       1
       2
       1
       1
       1
       0
       1
       0
       1
       1
       2
       2
       2
       0
       1
       0
       2
       0
       2
       4
       0
       2
       1
       1
       1
       2
       1
       1
       1
       1
       1
       0
       0
       0
       1
       0
       1
       0
       0
       0
       0
       1
       0
       2
       1
       1
       4
       1
       0
       4
       1
       0
       2
       1
       2
       1
       0
       0
       1
       2
       1
       0
       1
       1
       1
       1
       0
       0
       2
       1
       1
       0
       1
       1
       1
       1
       1
       2
       1
       0
       1
       0
       1
       2
       0
       1
       2
       0
       2
       2
       0
       1
       1
       1
       1
       0
       0
       2
       0
       2
       1
       1
       0
       1
       2
       2
       0
       1
       1
       3
       0
       0
       1
       2
       2
       0
       2
       2
       0
       1
       0
       1
       0
       3
       1
       0
       0
       2
       1
       0
       0
       1
       3
       1
       2
       3
       2
       0
       1
       2
       1
       2
       2
       0
       2
       1
       0
       2
       3
       3
       0
       1
       0
       0
       3
       0
       0
       1
       0
       1
       1
       0
       4
       0
       0
       0
       1
       3
       1
       0
       0
       3
       0
       1
       0
       2
       0
       1
       0
       0
       0
       0
       0
       1
       0
       1
       0
       0
       1
       0
       0
       0
       2
       0
       0
       1
       2
       1
       1
       2
       1
       0
       2
       0
       0
       1
       1
       0
       1
       2
       1
       0
       0
       0
       1
       0
       3
       2
       0
       1
       0
       1
       1
       0
       0
       0
       2
       2
       2
       1
       2
       2
       0
       3
       1
       1
       2
       0
       0
       0
       1
       3
       2
       0
       0
       2
       0
       0
       0
       0
       2
       0
       2
       0
       1
       1
       1
       2
       1
       0
       1
       0
       2
       2
       1
       1
       0
       1
       2
       2
       0
       0
       1
       0
       0
       0
       3
       0
       0
       0
       4
       1
       1
       1
       0
       0
       1
       2
       1
       1
       0
       0
       3
       2
       1
       0
       1
       2
       1
       3
       1
       1
       2
       0
       1
       1
       0
       1
       0
       1
       1
       3
       0
       1
       1
       0
       0
       2
       1
       0
       1
       2
       3
       0
       0
       1
       0
       0
       1
       2
       0
       1
       4
       2
       0
       0
       1
       1
       1
       1
       1
       0
       1
       0
       0
       1
       3
       0
       0
       0
       0
       1
       1
       1
       2
       2
       1
       2
       1
       2
       4
       0
       2
       0
       3
       2
       3
       0
       1
       1
       0
       1
       1
       0
       1
       2
       2
       0
       1
       2
       1
       0
       1
       1
       2
       0
       2
       2
       2
       0
       1
       2
       1
       1
       3
       1
       1
       0
       1
       1
       2
       2
       0
       0
       1
       1
       1
       1
       0
       3
       3
       0
       0
       1
       0
       1
       2
       0
       1
       1
       3
       1
       1
       1
       0
       1
       1
       1
       2
       1
       3
       1
       2
       1
       0
       3
       2
       4
       2
       0
       2
       2
       2
       3
       0
       3
       2
       2
       3
       2
       2
       0
       3
       2
       2
       2
       1
       0
       0
       2
       2
       1
       1
       3
       3
       1
       1
       2
       0
       1
       0
       1
       0
       0
       1
       1
       3
       3
       0
       5
       2
       4
       1
       0
       0
       3
       1
       1
       5
       1
       4
       3
       0
       0
       0
       1
       2
       3
       0
       1
       2
       1
       3
       4
       1
       0
       1
       2
       1
       2
       0
       2
       2
       0
       1
       0
       3
       2
       2
       2
       3
       1
       2
       2
       2
       1
       1
       3
       1
       2
       3
       1
       0
       3
       2
       1
       1
       1
       1
       2
       3
       0
       3
       1
       1
       1
       4
       3
       0
       4
       1
       5
       2
       0
       2
       1
       3
       0
       2
       2
       3
       3
       2
       2
       3
       3
       1
       3
       3
       3
       1
       1
       0
       3
       1
       4
       2
       2
       4
       3
       4
       1
       4
       0
       2
       4
       3
       3
       1
       0
       1
       0
       1
       0
       2
       5
       2
       3
       1
       1
       4
       2
       2
       4
       1
       1
       2
       3
       3
       1
       5
       2
       0
       2
       2
       3
       4
       2
       2
       3
       2
       6
       6
       1
       0
       1
       5
       2
       3
       4
       2
       2
       2
       3
       0
       0
       4
       4
       2
       1
       2
       2
       5
       1
       2
       2
       2
       1
       0
       0
       1
       1
       1
       3
       4
       2
       2
       1
       3
       2
       2
       0
       0
       1
       1
       2
       2
       3
       4
       3
       2
       0
       5
       2
       0
       1
       0
       1
       2
       4
       0
       3
       0
       2
       1
       0
       1
       0
       1
       2
       3
       0
       1
       2
       7
       2
       2
       2
       1
       2
       0
       3
       3
       2
       2
       0
       0
       1
       1
       1
       1
       4
       3
       3
       1
       3
       2
       1
       1
       3
       0
       0
       0
       3
       2
       1
       0
       2
       1
       3
       2
       1
       4
       2
       1
       1
       1
       3
       0
       1
       3
       6
       0
       0
       0
       2
       3
       3
       3
       2
       2
       3
       3
       2
       3
       0
       1
       1
       4
       4
       4
       1
       1
       2
       2
       0
       1
       2
       2
       1
       2
       3
       4
       0
       2
       0
       4
       3
       2
       1
       1
       0
       0
       5
       2
       1
       1
       6
       3
       4
       2
       2
       4
       3
       3
       0
       5
       0
       2
       1
       0
       2
       3
       2
       1
       3
       1
       0
       1
       3
       2
       1
       0
       2
       4
       1
       2
       3
       1
       1
       2
       2
       0
       1
       1
       0
       4
       2
       1
       4
       1
       2
       0
       1
       5
       1
       4
       3
       1
       0
       1
       0
       1
       2
       2
       2
       2
       1
       1
       3
       0
       0
       2
       3
       2
       1
       1
       4
       1
       1
       3
       3
       0
       1
       0
       1
       0
       3
       3
       3
       0
       3
       2
       5
       3
       0
       2
       2
       1
       2
       2
       1
       5
       2
       4
       2
       2
       3
       4
       3
       1
       5
       3
       2
       1
       1
       4
       3
       3
       2
       4
       3
       4
       4
       3
       6
       3
       3
       2
       8
       4
       2
       2
       5
       6
       3
       4
       2
       6
       4
       8
       5
       1
       5
       4
       4
       6
       5
       6
       3
       6
       4
       2
       1
       2
       4
       3
       5
       8
       7
       3
       4
       1
       4
       5
       1
       1
       8
       6
       5
       5
       1
       7
       4
       4
       2
       5
       2
       5
       6
       5
       6
       7
       5
       3
       8
       7
       7
       6
       4
       6
       7
       3
       4
       3
       6
       2
      11
       7
       7
       9
      10
       3
       5
       6
       4
       4
       4
      10
       7
       3
       5
       4
       6
       7
       5
       4
       6
       1
       4
       2
       3
       4
       7
       2
       4
       2
       5
       5
       4
       6
       5
       3
       3
       3
       5
       7
       3
       2
       5
       2
       3
       4
       1
       3
       4
       2
       2
       1
       1
       5
       1
       1
       3
       2
       2
       0
       0
       0
       2
       1
       1
       5
       1
       0
       4
       4
       3
       2
       3
       2
       1
       3
       2
       2
       2
       1
       1
       3
       2
       2
       3
       0
       0
       4
       1
       0
       0
       0
       0
       1
       0
       0
       0
       0
       0
       0
       1
       0
       0
       1
       0
       0
       1
       0
       1
       0
       1
       1
       0
       1
       0
       0
       0
       3
       0
       0
       0
       1
       1
       0
       0
       0
       0
       0
       0
       0
       0
       0
       0
       0
       0
       0
       0
       1
       0
       0
       0
       1
       0
       0
       2
       0
       0
       0
       0
       0
       0
       1
       0
       0
       0
       0
       0
       0
       0
       0
       1
       0
       0
       0
       1
       0
       0
       0
       0
       0
       0
       0
       1
       0
       0
       0
       0
       0
       1
       0
       0
       0
       0
       0
       0
       0
       0
       0
       1
       0
       0
       0
       1
       0
       0
       0
       0
       0
       0
       0
       0
       0
       0
       0
       0
       0
       0
       0
       0
       0
       0
       0
       0
       1
       0
       0
       0
       0
       0
       0
       0
       0
       0
       0
       1
       0
       0
       0
       0
       0
       1
       0
       0
       0
       1
       0
       0
       0
       0
       0
       0
       0
       1
       0
       0
       0
       0
       0
       1
       0
       0
       0
       0
       0
       0
       0
       1
       0
       0
       0
       0
       0
       0
       0
       0
       0
       0
       0
       0
       0
       0
       0
       0
       0
       0
       0
       0
       0
       0
       0
       0
       1
       0
       0
       0
       0
       0
       0
       0
       0
       0
       0
       0
       0
       0
       0
       0
       0
       0
       0
       0
       0
       0
       0
       0
       1
       0
       0
       0
       0
       0
       0
       0
       0
       1
       0
       0
       0
       0
       0
       0
       0
       0
       0
       0
       0
       0
       0
       1
       0
       1
       0
       0
       0
       0
       0
       0
       1
       0
       0
       2
       0
       4
       3
       4
       2
       4
       2
       2
       1
       4
       5
       2
       1
       1
       3
       0
       3
       2
       4
       1
       2
       1
       0
       3
       4
       4
       1
       1
       0
       2
       4
       0
       1
       2
       6
       6
       2
       3
       2
       1
       1
       1
       3
       1
       1
       2
       0
       1
       1
       4
       2
       2
       0
       3
       1
       4
       0
       1
       0
       2
       1
       2
       2
       0
       2
       2
       0
       2
       2
       3
       2
       3
       1
       3
       2
       1
       1
       3
       1
       2
       6
       3
       2
       4
       4
       4
       0
       3
       1
       3
       2
       2
       1
       5
       3
       0
       0
       4
       1
       2
       3
       3
       0
       3
       5
       2
       2
       3
       2
       2
       2
       3
       2
       3
       3
       1
       2
       1
       2
       2
       3
       2
       1
       3
       4
       1
       2
       0
       4
       2
       3
       0
       2
       1
       4
       4
       1
       0
       1
       5
       1
       2
       2
       2
       2
       5
       3
       3
       4
       1
       1
       1
       1
       1
       4
       2
       1
       2
       3
       1
       1
       4
       2
       2
       2
       3
       0
       2
       2
       1
       4
       3
       3
       2
       3
       1
       1
       4
       2
       3
       1
       0
       1
$ROI:
2
1915 2625
3640 5397
$PRESETS:
Live Time
1200
0
$ENER_FIT:
0.000000 0.000000
$MCA_CAL:
3
0.000000E+000 0.000000E+000 0.000000E+000 
$SHAPE_CAL:
3
0.000000E+000 0.000000E+000 0.000000E+000
